DN	Draw Date	L1	L2	L3	L4	L5	L6
1	06-Jan-07	04	15	19	22	30	39
2	6-Jan-07	04	15	19	22	30	39
3	09-Jan-07	11	14	16	29	39	41
4	13-Jan-07	11	17	19	29	32	40
5	16-Jan-07	01	02	03	05	23	37
6	20-Jan-07	03	13	20	25	29	37
7	23-Jan-07	04	06	21	26	27	28
8	27-Jan-07	06	09	10	12	23	29
9	30-Jan-07	02	03	13	14	26	37
10	03-Feb-07	04	21	24	27	30	42
11	06-Feb-07	03	06	13	31	36	42
12	10-Feb-07	12	29	33	37	38	40
13	13-Feb-07	06	18	20	27	30	42
14	17-Feb-07	02	04	18	27	38	42
15	20-Feb-07	17	23	27	29	30	35
16	24-Feb-07	02	07	22	25	26	36
17	27-Feb-07	01	17	27	29	37	39
18	03-Mar-07	02	15	20	25	35	40
19	06-Mar-07	08	12	13	24	26	34
20	10-Mar-07	08	16	26	27	28	31
21	13-Mar-07	17	18	23	36	38	39
22	20-Mar-07	03	18	20	36	38	41
23	24-Mar-07	20	24	27	28	38	42
24	27-Mar-07	15	20	21	23	30	36
25	31-Mar-07	01	19	26	31	33	41
26	10-Apr-07	01	16	21	29	31	34
27	14-Apr-07	12	13	23	26	29	37
28	17-Apr-07	12	13	16	20	26	40
29	21-Apr-07	04	11	12	30	31	40
30	24-Apr-07	16	18	19	25	31	36
31	01-May-07	08	11	22	28	30	40
32	05-May-07	06	11	12	16	21	26
33	08-May-07	08	12	13	19	20	21
34	12-May-07	02	03	24	27	38	41
35	15-May-07	03	06	13	14	38	41
36	19-May-07	08	10	18	30	32	34
37	22-May-07	04	14	18	23	34	39
38	26-May-07	01	07	12	13	40	42
39	29-May-07	09	11	12	14	18	22
40	02-Jun-07	12	19	37	39	40	41
41	05-Jun-07	23	28	32	33	34	39
42	09-Jun-07	11	13	14	15	24	42
43	12-Jun-07	02	07	19	25	38	41
44	16-Jun-07	09	10	12	17	21	37
45	19-Jun-07	07	25	31	34	35	40
46	23-Jun-07	01	03	11	13	14	27
47	26-Jun-07	11	16	26	27	32	33
48	30-Jun-07	05	15	19	21	28	41
49	03-Jul-07	01	15	22	27	37	41
50	07-Jul-07	04	06	11	19	31	39
51	10-Jul-07	13	16	17	19	29	30
52	14-Jul-07	16	20	24	28	30	33
53	17-Jul-07	01	07	10	16	19	31
54	24-Jul-07	04	13	15	22	28	42
55	28-Jul-07	02	08	10	17	34	42
56	31-Jul-07	01	02	11	26	29	40
57	04-Aug-07	02	05	14	26	37	42
58	07-Aug-07	05	19	20	31	35	39
59	11-Aug-07	10	12	14	21	26	30
60	14-Aug-07	06	09	19	27	37	40
61	18-Aug-07	05	08	16	31	36	42
62	21-Aug-07	01	03	12	18	24	31
63	25-Aug-07	04	16	22	26	35	37
64	28-Aug-07	01	04	11	32	40	42
65	01-Sep-07	03	06	10	16	26	27
66	04-Sep-07	06	22	32	36	37	39
67	08-Sep-07	07	17	22	27	31	39
68	11-Sep-07	04	13	17	26	34	35
69	15-Sep-07	15	17	21	22	23	24
70	18-Sep-07	13	17	18	22	25	35
71	22-Sep-07	01	05	21	22	27	29
72	25-Sep-07	06	19	28	33	34	42
73	29-Sep-07	06	09	11	21	27	35
74	06-Oct-07	03	06	20	25	27	41
75	09-Oct-07	04	22	31	34	39	40
76	13-Oct-07	08	09	27	33	36	41
77	16-Oct-07	13	21	26	32	39	41
78	20-Oct-07	14	30	34	38	40	41
79	23-Oct-07	02	11	23	36	38	42
80	27-Oct-07	03	11	28	30	35	37
81	30-Oct-07	06	12	14	21	36	37
82	03-Nov-07	06	08	16	19	25	38
83	06-Nov-07	07	30	31	35	36	38
84	10-Nov-07	10	12	13	19	29	38
85	13-Nov-07	18	24	25	29	37	40
86	17-Nov-07	12	16	26	27	29	42
87	20-Nov-07	06	15	20	21	40	41
88	24-Nov-07	06	11	12	19	40	41
89	27-Nov-07	08	16	17	24	36	40
90	01-Dec-07	14	22	23	26	31	41
91	04-Dec-07	10	14	19	20	23	35
92	08-Dec-07	05	12	16	21	29	34
93	11-Dec-07	08	16	22	24	34	41
94	15-Dec-07	12	13	14	25	30	34
95	18-Dec-07	02	05	13	20	27	36
96	22-Dec-07	03	09	18	25	33	38
97	29-Dec-07	08	19	27	31	34	39
98	08-Jan-08	04	06	15	21	25	29
99	12-Jan-08	05	14	15	17	28	34
100	15-Jan-08	14	17	21	22	40	42
101	19-Jan-08	15	16	19	20	31	40
102	22-Jan-08	09	13	15	30	33	39
103	26-Jan-08	01	11	21	22	23	29
104	29-Jan-08	06	08	10	31	41	42
105	02-Feb-08	09	21	23	24	26	40
106	05-Feb-08	02	06	16	27	32	42
107	09-Feb-08	03	05	14	25	36	41
108	12-Feb-08	04	07	16	24	38	42
109	16-Feb-08	03	04	07	08	32	36
110	19-Feb-08	04	10	16	19	24	30
111	23-Feb-08	02	08	21	30	33	34
112	26-Feb-08	07	11	16	19	33	38
113	01-Mar-08	01	07	11	13	24	38
114	04-Mar-08	01	15	18	31	35	38
115	08-Mar-08	06	10	11	24	33	42
116	11-Mar-08	05	17	28	35	39	42
117	15-Mar-08	03	11	13	17	24	31
118	18-Mar-08	06	14	20	22	27	29
119	25-Mar-08	03	07	20	22	35	42
120	29-Mar-08	13	14	20	27	30	34
121	01-Apr-08	01	10	19	21	22	24
122	05-Apr-08	19	21	29	36	37	42
123	08-Apr-08	02	25	30	35	36	42
124	12-Apr-08	12	22	23	26	36	37
125	15-Apr-08	04	06	25	35	38	42
126	19-Apr-08	01	16	28	37	41	42
127	22-Apr-08	09	15	18	23	28	40
128	26-Apr-08	06	09	16	32	34	37
129	29-Apr-08	07	09	18	28	35	39
130	03-May-08	01	02	19	23	34	41
131	06-May-08	01	06	11	31	35	42
132	10-May-08	03	12	17	26	32	42
133	13-May-08	22	26	27	31	36	39
134	17-May-08	03	08	11	19	32	35
135	24-May-08	09	10	17	21	22	26
136	27-May-08	08	20	23	27	38	40
137	31-May-08	03	11	12	18	32	37
138	07-Jun-08	10	17	20	35	36	39
139	10-Jun-08	04	14	33	39	40	42
140	14-Jun-08	03	07	26	31	33	41
141	17-Jun-08	08	15	18	21	37	41
142	21-Jun-08	08	13	15	19	26	36
143	24-Jun-08	04	08	11	14	21	23
144	28-Jun-08	04	07	11	21	29	34
145	01-Jul-08	04	10	34	35	37	38
146	05-Jul-08	07	14	18	21	25	28
147	08-Jul-08	01	03	05	27	33	42
148	12-Jul-08	03	07	10	20	23	38
149	15-Jul-08	07	11	15	24	25	32
150	19-Jul-08	03	14	19	28	38	39
151	22-Jul-08	13	16	17	22	31	33
152	26-Jul-08	05	06	19	22	39	42
153	29-Jul-08	05	06	12	13	24	25
154	02-Aug-08	13	15	20	28	33	42
155	05-Aug-08	02	07	14	19	24	34
156	09-Aug-08	01	19	20	25	30	34
157	12-Aug-08	02	06	07	09	20	24
158	16-Aug-08	05	07	08	21	22	29
159	19-Aug-08	01	03	26	33	39	41
160	23-Aug-08	05	12	15	21	29	39
161	26-Aug-08	05	11	13	15	24	42
162	30-Aug-08	03	06	19	25	28	35
163	02-Sep-08	01	22	23	34	37	38
164	06-Sep-08	02	14	18	26	27	29
165	09-Sep-08	04	08	09	13	21	27
166	13-Sep-08	17	20	26	30	33	37
167	16-Sep-08	02	12	13	26	36	37
168	20-Sep-08	01	03	04	09	13	34
169	23-Sep-08	17	19	20	30	39	41
170	27-Sep-08	02	03	08	19	28	40
171	30-Sep-08	13	16	22	29	32	39
172	04-Oct-08	01	02	34	38	40	41
173	07-Oct-08	01	03	08	15	27	40
174	11-Oct-08	04	07	31	32	36	40
175	14-Oct-08	01	05	19	32	35	40
176	18-Oct-08	07	11	16	30	31	41
177	21-Oct-08	02	05	16	20	21	23
178	25-Oct-08	06	12	17	23	26	30
179	28-Oct-08	05	10	16	28	38	41
180	01-Nov-08	06	13	15	25	36	41
181	04-Nov-08	01	02	05	15	31	33
182	08-Nov-08	07	14	20	21	26	42
183	11-Nov-08	20	23	36	38	39	40
184	15-Nov-08	16	22	23	25	33	41
185	18-Nov-08	03	07	29	32	33	39
186	22-Nov-08	04	10	11	28	31	36
187	25-Nov-08	08	09	14	23	29	30
188	29-Nov-08	06	12	18	25	26	34
189	02-Dec-08	02	05	13	17	31	38
190	06-Dec-08	04	12	18	19	40	41
191	09-Dec-08	20	24	26	31	37	41
192	13-Dec-08	09	11	17	20	31	41
193	16-Dec-08	08	11	25	35	38	42
194	20-Dec-08	01	18	20	26	33	36
195	23-Dec-08	16	21	33	37	38	40
196	27-Dec-08	05	09	15	22	35	40
197	30-Dec-08	08	12	17	23	25	35
198	03-Jan-09	06	07	22	33	39	41
199	06-Jan-09	18	20	22	29	39	42
200	10-Jan-09	01	04	12	24	31	41
201	13-Jan-09	01	08	32	34	38	40
202	17-Jan-09	02	04	06	14	15	31
203	20-Jan-09	02	05	10	27	31	37
204	24-Jan-09	02	03	15	20	21	22
205	27-Jan-09	05	08	29	32	38	41
206	31-Jan-09	07	17	30	38	39	41
207	03-Feb-09	06	10	11	15	19	21
208	07-Feb-09	08	12	14	16	24	29
209	10-Feb-09	02	03	14	15	28	32
210	14-Feb-09	07	09	17	18	29	40
211	17-Feb-09	03	12	14	15	16	18
212	21-Feb-09	20	23	28	39	40	42
213	24-Feb-09	11	12	13	17	35	38
214	28-Feb-09	16	27	31	32	36	42
215	03-Mar-09	05	11	16	24	32	34
216	07-Mar-09	06	10	19	29	36	39
217	10-Mar-09	06	08	24	25	30	38
218	14-Mar-09	13	14	17	35	37	38
219	17-Mar-09	01	05	22	28	29	32
220	21-Mar-09	08	10	12	19	31	38
221	24-Mar-09	01	04	09	14	26	41
222	28-Mar-09	06	13	16	25	30	39
223	31-Mar-09	07	12	14	16	20	38
224	04-Apr-09	07	10	17	27	28	41
225	07-Apr-09	01	05	06	07	14	35
226	14-Apr-09	01	02	07	08	23	37
227	18-Apr-09	04	13	17	19	32	41
228	21-Apr-09	02	15	19	26	38	39
229	25-Apr-09	06	09	11	22	28	35
230	28-Apr-09	02	20	21	25	28	29
231	02-May-09	04	06	09	12	27	41
232	05-May-09	05	07	26	32	36	41
233	09-May-09	01	07	15	17	24	31
234	12-May-09	02	04	11	22	29	39
235	16-May-09	02	03	12	19	21	26
236	19-May-09	05	20	23	26	31	36
237	23-May-09	19	21	27	28	31	37
238	26-May-09	21	23	24	28	35	37
239	30-May-09	02	08	10	15	38	42
240	02-Jun-09	03	07	13	16	20	34
241	06-Jun-09	10	13	21	27	29	31
242	09-Jun-09	12	14	18	27	31	34
243	13-Jun-09	01	08	13	33	34	36
244	16-Jun-09	02	07	13	31	32	41
245	20-Jun-09	22	24	29	34	35	37
246	23-Jun-09	05	21	23	24	32	41
247	27-Jun-09	07	16	25	26	34	40
248	30-Jun-09	11	16	25	29	34	38
249	04-Jul-09	01	03	11	20	24	34
250	07-Jul-09	03	06	24	26	32	40
251	11-Jul-09	10	15	16	17	20	27
252	14-Jul-09	03	10	20	21	40	42
253	18-Jul-09	03	22	29	33	39	41
254	21-Jul-09	01	14	17	24	28	34
255	25-Jul-09	02	14	25	30	33	37
256	28-Jul-09	07	14	18	20	35	42
257	01-Aug-09	05	08	13	15	25	37
258	04-Aug-09	04	14	16	21	25	28
259	08-Aug-09	09	15	18	25	28	39
260	11-Aug-09	04	10	24	31	32	37
261	15-Aug-09	05	16	22	31	33	36
262	18-Aug-09	03	12	16	18	22	28
263	22-Aug-09	01	09	16	20	32	41
264	25-Aug-09	16	17	20	22	39	40
265	29-Aug-09	20	24	28	36	39	42
266	01-Sep-09	04	07	08	25	36	38
267	05-Sep-09	01	12	23	26	27	39
268	08-Sep-09	03	07	10	16	18	26
269	12-Sep-09	02	08	12	13	33	36
270	15-Sep-09	03	09	18	22	26	29
271	19-Sep-09	01	05	14	19	29	39
272	22-Sep-09	01	02	14	15	17	22
273	26-Sep-09	05	19	20	32	40	42
274	29-Sep-09	02	03	04	11	19	24
275	03-Oct-09	03	09	11	16	18	25
276	06-Oct-09	03	17	20	27	32	35
277	10-Oct-09	04	09	11	18	22	30
278	13-Oct-09	13	14	25	37	38	39
279	17-Oct-09	03	04	08	21	31	37
280	20-Oct-09	02	15	19	21	24	38
281	24-Oct-09	03	05	07	11	15	36
282	27-Oct-09	05	13	15	18	30	39
283	31-Oct-09	04	11	22	23	26	30
284	03-Nov-09	17	19	20	30	37	41
285	07-Nov-09	06	21	27	29	31	36
286	10-Nov-09	01	02	08	12	13	41
287	14-Nov-09	01	21	31	37	39	40
288	17-Nov-09	07	13	19	20	29	37
289	21-Nov-09	14	16	18	24	31	32
290	24-Nov-09	01	08	11	18	35	36
291	26-Nov-09	01	06	12	21	35	41
292	28-Nov-09	05	15	19	27	40	42
293	01-Dec-09	04	11	17	20	37	40
294	03-Dec-09	02	10	18	25	26	34
295	05-Dec-09	04	15	28	36	40	42
296	08-Dec-09	03	16	19	32	33	40
297	10-Dec-09	02	04	12	22	34	37
298	12-Dec-09	01	08	12	30	36	41
299	15-Dec-09	01	02	03	07	23	40
300	17-Dec-09	02	15	16	26	38	39
301	19-Dec-09	03	14	16	21	22	27
302	22-Dec-09	09	16	18	23	26	34
303	24-Dec-09	22	26	31	32	37	39
304	26-Dec-09	04	15	28	34	37	39
305	29-Dec-09	13	14	18	24	31	39
306	31-Dec-09	05	07	11	19	34	37
307	02-Jan-10	10	13	22	24	29	33
308	05-Jan-10	01	02	28	31	32	42
309	07-Jan-10	16	18	27	34	36	40
310	09-Jan-10	01	04	14	27	35	38
311	12-Jan-10	07	08	10	31	33	42
312	14-Jan-10	15	23	27	30	33	37
313	16-Jan-10	03	04	08	20	24	34
314	19-Jan-10	08	12	14	26	33	40
315	21-Jan-10	20	21	23	33	36	42
316	23-Jan-10	01	11	12	22	23	32
317	26-Jan-10	04	18	28	34	35	41
318	28-Jan-10	03	05	20	24	30	41
319	30-Jan-10	07	10	14	24	33	34
320	02-Feb-10	02	05	09	32	34	42
321	04-Feb-10	02	09	12	18	20	24
322	06-Feb-10	03	07	24	27	29	41
323	09-Feb-10	07	16	25	27	33	38
324	11-Feb-10	03	08	17	20	27	39
325	13-Feb-10	06	08	19	21	28	38
326	16-Feb-10	02	12	19	22	29	35
327	18-Feb-10	06	07	10	14	19	27
328	20-Feb-10	03	09	10	19	35	37
329	23-Feb-10	01	09	10	15	18	40
330	25-Feb-10	02	04	19	22	30	31
331	27-Feb-10	04	08	20	21	28	31
332	02-Mar-10	01	06	11	20	40	41
333	04-Mar-10	14	21	30	34	37	41
334	06-Mar-10	05	10	12	17	33	35
335	09-Mar-10	05	14	17	21	22	41
336	11-Mar-10	14	20	24	31	35	38
337	13-Mar-10	06	09	10	18	21	25
338	16-Mar-10	01	02	04	06	36	37
339	18-Mar-10	03	09	16	19	37	38
340	20-Mar-10	07	10	23	34	38	40
341	23-Mar-10	03	06	07	24	26	41
342	25-Mar-10	03	11	17	25	38	39
343	27-Mar-10	01	08	14	24	28	34
344	30-Mar-10	03	05	06	13	16	42
345	06-Apr-10	02	07	14	24	32	33
346	08-Apr-10	02	11	14	32	34	42
347	10-Apr-10	13	19	20	25	36	37
348	13-Apr-10	02	09	35	36	37	40
349	15-Apr-10	05	15	23	27	29	33
350	17-Apr-10	04	08	22	25	34	41
351	20-Apr-10	14	20	27	28	32	35
352	22-Apr-10	04	13	15	20	34	42
353	24-Apr-10	03	06	09	18	27	34
354	27-Apr-10	01	04	13	32	33	34
355	29-Apr-10	01	08	24	25	34	36
356	01-May-10	09	12	14	23	26	31
357	04-May-10	08	25	29	32	35	39
358	06-May-10	02	03	05	13	27	32
359	08-May-10	06	16	25	32	36	41
360	11-May-10	01	06	08	10	31	32
361	13-May-10	06	26	30	31	33	37
362	15-May-10	13	28	34	39	40	42
363	18-May-10	07	15	16	23	25	26
364	20-May-10	07	23	24	37	39	42
365	22-May-10	07	12	20	21	30	40
366	25-May-10	15	20	21	29	31	37
367	27-May-10	12	17	21	24	25	40
368	29-May-10	21	23	28	34	39	40
369	01-Jun-10	04	11	15	27	28	31
370	03-Jun-10	10	11	35	39	41	42
371	05-Jun-10	03	04	05	07	16	26
372	08-Jun-10	08	09	16	18	19	30
373	10-Jun-10	09	25	26	29	34	42
374	12-Jun-10	22	25	29	33	41	42
375	15-Jun-10	04	05	14	18	23	38
376	17-Jun-10	12	16	17	21	33	37
377	19-Jun-10	02	05	09	21	25	40
378	22-Jun-10	03	12	20	24	28	36
379	24-Jun-10	04	19	27	29	31	41
380	26-Jun-10	13	15	26	39	40	41
381	29-Jun-10	02	04	08	16	17	27
382	01-Jul-10	01	02	06	24	25	36
383	03-Jul-10	13	16	21	23	25	33
384	06-Jul-10	10	27	34	35	38	42
385	08-Jul-10	03	16	29	30	39	42
386	10-Jul-10	11	16	20	27	38	39
387	13-Jul-10	05	06	19	23	24	26
388	15-Jul-10	01	04	18	22	24	41
389	17-Jul-10	01	04	17	21	29	33
390	20-Jul-10	03	07	10	24	27	37
391	22-Jul-10	06	21	29	33	40	41
392	24-Jul-10	19	23	26	31	40	41
393	27-Jul-10	05	19	26	28	34	36
394	29-Jul-10	07	19	30	38	39	41
395	31-Jul-10	03	06	07	25	32	41
396	03-Aug-10	04	10	11	12	34	36
397	05-Aug-10	10	11	19	20	36	40
398	07-Aug-10	04	11	36	37	39	41
399	10-Aug-10	04	10	22	23	31	42
400	12-Aug-10	04	07	08	13	39	42
401	14-Aug-10	07	20	23	26	31	39
402	17-Aug-10	07	09	14	24	27	29
403	19-Aug-10	10	17	19	23	28	41
404	21-Aug-10	07	32	37	39	41	42
405	24-Aug-10	01	04	11	15	28	34
406	26-Aug-10	13	15	18	19	25	39
407	28-Aug-10	15	24	30	31	32	42
408	31-Aug-10	06	15	17	27	29	38
409	02-Sep-10	11	17	26	31	34	42
410	04-Sep-10	05	07	08	15	26	40
411	07-Sep-10	08	18	21	25	31	33
412	09-Sep-10	01	06	12	17	24	28
413	11-Sep-10	20	23	25	30	37	40
414	14-Sep-10	10	14	16	28	31	34
415	16-Sep-10	07	10	26	27	34	41
416	18-Sep-10	07	11	23	24	30	34
417	21-Sep-10	12	16	20	22	37	42
418	23-Sep-10	06	08	12	13	17	36
419	25-Sep-10	12	19	26	28	29	40
420	28-Sep-10	01	07	18	19	22	40
421	30-Sep-10	16	19	20	28	29	35
422	02-Oct-10	14	19	30	32	34	41
423	05-Oct-10	06	11	12	17	32	42
424	07-Oct-10	11	20	21	30	36	38
425	09-Oct-10	01	08	11	32	34	35
426	12-Oct-10	02	21	36	37	39	41
427	14-Oct-10	07	12	23	27	39	42
428	16-Oct-10	01	03	08	22	24	29
429	19-Oct-10	06	10	12	15	19	21
430	21-Oct-10	03	10	13	14	28	35
431	23-Oct-10	04	07	28	34	38	42
432	26-Oct-10	12	13	20	21	24	34
433	28-Oct-10	03	08	12	27	32	34
434	30-Oct-10	11	15	29	33	40	42
435	02-Nov-10	03	10	11	19	22	34
436	04-Nov-10	02	04	17	22	38	39
437	06-Nov-10	02	03	08	09	12	16
438	09-Nov-10	04	09	15	25	27	32
439	11-Nov-10	11	12	30	36	37	41
440	13-Nov-10	02	03	05	15	31	34
441	16-Nov-10	04	12	14	27	29	36
442	18-Nov-10	04	13	20	29	32	37
443	20-Nov-10	02	04	12	26	28	42
444	25-Nov-10	19	25	26	28	36	42
445	27-Nov-10	07	12	16	17	34	37
446	30-Nov-10	03	11	14	15	21	29
447	02-Dec-10	15	16	20	29	30	42
448	04-Dec-10	06	07	16	18	25	41
449	07-Dec-10	18	19	21	25	27	41
450	09-Dec-10	05	11	16	20	33	41
451	11-Dec-10	14	15	22	24	32	38
452	14-Dec-10	08	15	22	23	34	37
453	16-Dec-10	06	15	17	19	23	33
454	18-Dec-10	11	15	19	21	29	32
455	21-Dec-10	05	11	13	24	34	35
456	23-Dec-10	09	17	18	22	37	39
457	28-Dec-10	05	10	20	26	29	41
458	30-Dec-10	02	14	17	20	24	36
459	04-Jan-11	03	04	16	28	30	42
460	06-Jan-11	11	19	22	29	31	41
461	08-Jan-11	03	12	22	25	32	33
462	11-Jan-11	06	07	13	17	30	42
463	13-Jan-11	08	14	17	21	32	33
464	15-Jan-11	02	06	08	32	38	42
465	18-Jan-11	17	18	23	26	27	34
466	20-Jan-11	02	05	11	21	25	31
467	22-Jan-11	02	03	10	18	25	36
468	25-Jan-11	06	19	22	24	32	35
469	27-Jan-11	08	18	20	29	35	36
470	29-Jan-11	01	17	19	29	33	35
471	01-Feb-11	07	23	25	30	39	42
472	03-Feb-11	04	09	11	17	26	36
473	05-Feb-11	16	20	25	26	37	39
474	08-Feb-11	02	30	32	33	34	39
475	10-Feb-11	05	25	26	27	32	41
476	12-Feb-11	10	12	21	23	28	29
477	15-Feb-11	08	15	33	34	37	41
478	17-Feb-11	13	19	21	24	25	36
479	19-Feb-11	03	13	20	31	36	39
480	22-Feb-11	04	14	18	30	35	41
481	24-Feb-11	15	26	27	31	36	39
482	26-Feb-11	07	11	13	24	30	34
483	01-Mar-11	15	19	20	32	35	38
484	03-Mar-11	03	04	06	20	33	37
485	05-Mar-11	01	07	22	23	34	38
486	08-Mar-11	03	05	09	21	24	39
487	10-Mar-11	06	18	21	29	31	42
488	12-Mar-11	10	12	13	17	19	42
489	15-Mar-11	05	08	11	21	27	42
490	17-Mar-11	04	15	21	27	35	37
491	19-Mar-11	10	19	23	31	33	40
492	22-Mar-11	14	15	20	21	29	34
493	24-Mar-11	04	12	26	28	37	42
494	26-Mar-11	07	15	20	22	23	40
495	29-Mar-11	08	12	21	25	38	39
496	31-Mar-11	05	08	16	23	30	40
497	02-Apr-11	07	16	27	30	32	40
498	05-Apr-11	02	03	05	09	35	39
499	07-Apr-11	01	02	06	15	35	37
500	09-Apr-11	05	10	12	14	36	40
501	12-Apr-11	02	11	27	29	39	41
502	14-Apr-11	06	15	24	34	40	41
503	16-Apr-11	04	08	10	24	27	29
504	19-Apr-11	16	17	22	23	24	38
505	26-Apr-11	06	19	25	34	35	39
506	28-Apr-11	03	12	21	33	34	42
507	30-Apr-11	06	08	23	26	33	41
508	03-May-11	12	21	32	37	41	42
509	05-May-11	16	26	31	33	37	40
510	07-May-11	05	10	14	15	19	23
511	10-May-11	01	07	14	22	37	38
512	12-May-11	03	11	13	26	36	40
513	14-May-11	05	07	12	15	26	34
514	17-May-11	07	19	21	29	30	32
515	19-May-11	03	07	16	18	26	30
516	21-May-11	06	27	28	29	35	42
517	24-May-11	01	14	16	20	35	36
518	26-May-11	05	10	21	23	32	41
519	28-May-11	12	15	16	23	34	40
520	31-May-11	07	08	13	19	31	42
521	02-Jun-11	13	18	26	35	36	40
522	04-Jun-11	01	05	12	27	37	39
523	07-Jun-11	05	19	26	30	35	36
524	09-Jun-11	03	32	36	37	38	40
525	11-Jun-11	04	25	26	28	35	42
526	14-Jun-11	06	15	19	22	34	39
527	16-Jun-11	04	13	14	32	35	39
528	18-Jun-11	03	06	13	25	34	40
529	21-Jun-11	04	18	24	37	41	42
530	23-Jun-11	07	13	14	29	30	42
531	25-Jun-11	07	08	16	17	26	28
532	28-Jun-11	04	17	20	22	29	33
533	30-Jun-11	04	06	11	12	40	42
534	02-Jul-11	03	04	07	09	21	38
535	05-Jul-11	08	13	15	26	30	42
536	07-Jul-11	03	04	07	29	30	34
537	09-Jul-11	08	09	23	26	35	36
538	12-Jul-11	01	05	26	32	39	42
539	14-Jul-11	06	14	15	18	24	34
540	16-Jul-11	12	30	32	35	39	42
541	19-Jul-11	01	19	23	25	32	35
542	21-Jul-11	02	03	04	12	15	27
543	23-Jul-11	01	24	28	29	32	37
544	26-Jul-11	08	09	17	20	21	37
545	28-Jul-11	01	06	07	19	28	33
546	30-Jul-11	03	15	19	23	25	38
547	02-Aug-11	05	19	23	37	38	39
548	04-Aug-11	02	09	20	23	26	32
549	06-Aug-11	03	08	15	16	35	38
550	09-Aug-11	01	03	16	23	39	42
551	11-Aug-11	01	03	05	22	30	39
552	13-Aug-11	01	05	06	09	15	25
553	16-Aug-11	02	09	10	21	24	28
554	18-Aug-11	02	03	06	22	37	41
555	20-Aug-11	12	13	14	24	34	37
556	23-Aug-11	13	21	23	25	28	37
557	25-Aug-11	15	16	17	30	36	41
558	27-Aug-11	02	04	05	19	31	34
559	30-Aug-11	07	12	27	29	30	38
560	01-Sep-11	01	02	06	10	14	39
561	03-Sep-11	10	13	24	30	32	42
562	06-Sep-11	06	16	17	28	29	38
563	08-Sep-11	05	06	09	10	15	42
564	10-Sep-11	06	07	11	17	22	33
565	13-Sep-11	01	05	07	11	17	42
566	15-Sep-11	05	10	20	36	39	40
567	17-Sep-11	03	15	19	23	26	27
568	20-Sep-11	09	12	14	30	37	39
569	22-Sep-11	03	04	08	23	28	40
570	24-Sep-11	02	04	10	12	15	31
571	27-Sep-11	20	27	35	36	38	39
572	29-Sep-11	03	08	20	28	32	42
573	01-Oct-11	04	25	27	33	34	42
574	04-Oct-11	10	21	27	33	41	42
575	06-Oct-11	02	22	23	25	36	37
576	08-Oct-11	09	12	26	29	38	40
577	11-Oct-11	06	08	16	19	27	32
578	13-Oct-11	01	02	04	15	16	31
579	15-Oct-11	02	12	21	28	33	40
580	18-Oct-11	12	17	18	31	38	40
581	20-Oct-11	18	24	26	33	36	39
582	22-Oct-11	01	10	20	33	36	39
583	25-Oct-11	04	06	12	26	31	41
584	27-Oct-11	10	12	14	16	24	25
585	29-Oct-11	06	12	15	17	34	37
586	01-Nov-11	10	18	21	26	28	33
587	03-Nov-11	14	19	26	29	31	42
588	05-Nov-11	01	11	15	31	37	38
589	08-Nov-11	01	04	14	15	36	39
590	10-Nov-11	17	20	27	32	39	42
591	12-Nov-11	01	03	06	07	08	40
592	15-Nov-11	05	12	23	24	32	35
593	17-Nov-11	06	08	14	20	22	24
594	19-Nov-11	04	05	13	18	22	23
595	22-Nov-11	05	06	10	15	39	40
596	24-Nov-11	02	05	15	24	39	41
597	26-Nov-11	05	08	14	15	22	36
598	29-Nov-11	10	25	27	30	32	41
599	01-Dec-11	11	22	34	36	39	40
600	03-Dec-11	01	02	18	20	24	27
601	06-Dec-11	02	10	16	17	28	39
602	08-Dec-11	02	06	13	20	25	36
603	10-Dec-11	03	05	11	22	27	39
604	13-Dec-11	11	13	20	28	37	42
605	15-Dec-11	07	09	14	27	35	41
606	17-Dec-11	01	09	10	13	27	38
607	20-Dec-11	04	07	16	18	36	39
608	22-Dec-11	08	13	27	31	35	37
609	24-Dec-11	01	13	15	16	17	24
610	27-Dec-11	04	18	23	34	35	39
611	29-Dec-11	02	05	06	17	24	28
612	31-Dec-11	03	15	25	28	30	37
613	03-Jan-12	01	13	17	21	31	38
614	05-Jan-12	05	16	22	26	41	42
615	07-Jan-12	06	13	17	25	28	38
616	10-Jan-12	04	06	09	16	24	33
617	12-Jan-12	01	12	18	23	24	36
618	14-Jan-12	01	04	28	34	39	42
619	17-Jan-12	01	14	19	34	39	41
620	19-Jan-12	10	11	13	17	28	34
621	21-Jan-12	15	19	26	27	30	31
622	24-Jan-12	15	16	21	26	28	30
623	26-Jan-12	10	17	21	32	35	42
624	28-Jan-12	02	05	27	33	37	40
625	31-Jan-12	02	05	18	28	36	38
626	02-Feb-12	01	05	10	18	31	38
627	04-Feb-12	02	05	19	23	26	39
628	07-Feb-12	08	09	11	22	25	29
629	09-Feb-12	07	14	19	27	32	35
630	11-Feb-12	01	06	17	23	25	38
631	14-Feb-12	14	20	23	30	34	39
632	16-Feb-12	04	22	23	25	31	42
633	18-Feb-12	01	02	17	21	40	41
634	21-Feb-12	02	13	17	27	35	41
635	23-Feb-12	06	10	22	25	30	31
636	25-Feb-12	04	10	12	17	27	40
637	28-Feb-12	04	07	08	11	20	41
638	01-Mar-12	02	03	08	18	33	37
639	03-Mar-12	05	22	23	33	41	42
640	06-Mar-12	03	08	30	32	34	39
641	08-Mar-12	04	12	17	22	23	42
642	10-Mar-12	26	28	32	37	39	42
643	13-Mar-12	04	09	12	20	30	40
644	15-Mar-12	04	06	15	21	32	35
645	17-Mar-12	13	18	20	24	39	42
646	20-Mar-12	01	02	13	18	21	37
647	22-Mar-12	01	03	14	24	27	28
648	24-Mar-12	04	05	11	15	30	42
649	27-Mar-12	02	06	19	22	27	35
650	29-Mar-12	03	23	27	29	30	33
651	31-Mar-12	01	08	17	22	23	30
652	03-Apr-12	05	06	18	19	38	40
653	10-Apr-12	03	12	15	17	22	23
654	12-Apr-12	05	08	26	29	34	35
655	14-Apr-12	02	03	06	14	26	31
656	17-Apr-12	01	17	22	24	30	38
657	19-Apr-12	02	23	31	33	34	39
658	21-Apr-12	09	12	14	19	24	35
659	24-Apr-12	01	04	10	13	24	37
660	26-Apr-12	11	18	19	24	33	42
661	28-Apr-12	03	07	09	11	17	31
662	01-May-12	02	13	15	19	25	41
663	03-May-12	06	09	11	13	20	30
664	05-May-12	12	13	21	26	32	36
665	08-May-12	12	16	21	22	38	42
666	10-May-12	08	14	18	24	28	29
667	12-May-12	06	14	22	27	28	36
668	15-May-12	02	08	15	30	31	35
669	17-May-12	05	06	08	24	33	39
670	19-May-12	15	24	26	32	37	40
671	22-May-12	13	16	26	27	29	37
672	24-May-12	06	10	20	32	35	37
673	26-May-12	01	07	09	10	11	41
674	29-May-12	18	23	32	35	36	39
675	31-May-12	08	11	14	16	19	30
676	02-Jun-12	02	06	13	20	27	31
677	05-Jun-12	13	20	28	29	31	33
678	07-Jun-12	06	10	21	22	30	33
679	09-Jun-12	17	18	29	30	33	41
680	12-Jun-12	06	09	16	23	27	36
681	14-Jun-12	02	20	22	30	35	37
682	16-Jun-12	04	09	13	18	34	39
683	19-Jun-12	02	08	09	15	33	42
684	21-Jun-12	13	19	20	23	34	42
685	23-Jun-12	03	04	16	27	28	32
686	26-Jun-12	03	10	11	14	21	22
687	28-Jun-12	05	10	13	14	25	30
688	30-Jun-12	03	04	29	31	37	39
689	03-Jul-12	05	10	18	22	23	27
690	05-Jul-12	04	20	21	26	33	40
691	07-Jul-12	03	11	23	33	40	42
692	10-Jul-12	08	14	18	20	30	34
693	12-Jul-12	01	06	13	17	22	32
694	14-Jul-12	13	14	18	22	23	29
695	17-Jul-12	07	08	19	22	23	28
696	19-Jul-12	06	12	16	21	35	37
697	21-Jul-12	02	19	26	29	32	41
698	24-Jul-12	15	17	26	28	32	34
699	26-Jul-12	14	15	21	23	25	28
700	28-Jul-12	02	03	05	10	31	34
701	31-Jul-12	01	02	04	28	29	41
702	02-Aug-12	01	06	10	20	32	38
703	04-Aug-12	15	19	23	28	30	33
704	07-Aug-12	04	15	20	35	39	41
705	09-Aug-12	14	22	25	33	41	42
706	11-Aug-12	10	15	19	23	38	42
707	14-Aug-12	07	12	16	21	24	42
708	16-Aug-12	05	06	22	24	37	39
709	18-Aug-12	21	24	26	27	36	41
710	21-Aug-12	04	17	18	24	33	35
711	23-Aug-12	02	17	22	24	25	26
712	25-Aug-12	02	04	11	16	23	35
713	28-Aug-12	04	09	11	12	27	29
714	30-Aug-12	07	12	19	27	32	35
715	01-Sep-12	09	16	18	28	33	42
716	04-Sep-12	03	07	19	20	30	39
717	06-Sep-12	06	19	21	29	33	37
718	08-Sep-12	03	07	24	25	27	35
719	11-Sep-12	08	12	14	15	16	42
720	13-Sep-12	08	09	19	28	38	42
721	15-Sep-12	03	07	16	25	28	38
722	18-Sep-12	06	13	24	34	39	40
723	20-Sep-12	19	27	30	31	37	40
724	22-Sep-12	01	03	18	19	31	41
725	25-Sep-12	06	20	25	30	32	36
726	27-Sep-12	03	05	19	30	35	41
727	29-Sep-12	04	09	10	15	21	23
728	02-Oct-12	06	12	26	32	37	41
729	04-Oct-12	01	04	08	09	33	37
730	06-Oct-12	11	16	20	26	33	40
731	09-Oct-12	13	19	25	30	34	38
732	11-Oct-12	15	18	19	23	36	39
733	13-Oct-12	03	06	08	10	29	36
734	16-Oct-12	05	10	13	19	29	39
735	18-Oct-12	05	11	12	21	22	28
736	20-Oct-12	07	12	15	19	26	38
737	23-Oct-12	02	07	11	28	36	39
738	25-Oct-12	02	09	11	17	18	33
739	27-Oct-12	07	11	18	26	29	41
740	30-Oct-12	02	12	13	33	35	39
741	01-Nov-12	14	18	19	36	37	39
742	03-Nov-12	14	16	20	23	36	37
743	06-Nov-12	07	13	16	25	34	42
744	08-Nov-12	02	04	20	22	24	32
745	10-Nov-12	07	09	18	33	35	36
746	13-Nov-12	04	06	29	32	35	36
747	15-Nov-12	06	08	11	20	30	38
748	17-Nov-12	04	07	10	19	24	28
749	20-Nov-12	07	12	25	29	35	39
750	22-Nov-12	12	19	22	27	29	33
751	24-Nov-12	12	16	33	35	37	39
752	27-Nov-12	01	21	27	29	32	35
753	29-Nov-12	09	12	20	23	31	35
754	01-Dec-12	14	15	17	29	32	42
755	04-Dec-12	03	04	21	39	40	42
756	06-Dec-12	06	16	17	21	34	40
757	08-Dec-12	03	05	25	27	32	40
758	11-Dec-12	08	12	18	21	37	40
759	13-Dec-12	06	08	16	21	23	24
760	15-Dec-12	06	14	15	23	32	37
761	18-Dec-12	08	09	18	22	25	35
762	20-Dec-12	01	12	18	37	40	42
763	22-Dec-12	07	08	09	10	13	35
764	27-Dec-12	05	11	27	30	37	39
765	29-Dec-12	04	13	14	16	26	33
766	03-Jan-13	08	21	23	27	37	39
767	05-Jan-13	15	19	23	28	31	33
768	08-Jan-13	02	08	20	21	23	33
769	10-Jan-13	03	15	30	39	41	42
770	12-Jan-13	05	14	27	30	34	41
771	15-Jan-13	01	05	09	10	18	22
772	17-Jan-13	08	28	32	35	36	42
773	19-Jan-13	04	10	22	26	35	40
774	22-Jan-13	08	16	17	21	27	34
775	24-Jan-13	12	19	24	33	34	41
776	26-Jan-13	12	14	28	34	36	42
777	29-Jan-13	14	23	30	35	36	41
778	31-Jan-13	09	13	16	29	30	41
779	02-Feb-13	11	18	27	31	40	42
780	05-Feb-13	11	15	19	28	33	42
781	07-Feb-13	02	09	17	19	22	42
782	09-Feb-13	10	11	15	19	27	38
783	12-Feb-13	05	13	17	19	30	39
784	14-Feb-13	04	16	19	20	34	41
785	16-Feb-13	01	06	08	12	28	37
786	19-Feb-13	07	11	16	24	26	27
787	21-Feb-13	02	09	10	20	30	33
788	23-Feb-13	08	22	24	31	34	35
789	26-Feb-13	05	16	17	22	24	26
790	28-Feb-13	13	14	20	25	30	35
791	02-Mar-13	02	05	07	16	20	40
792	05-Mar-13	03	05	16	37	40	41
793	07-Mar-13	08	11	18	26	38	40
794	09-Mar-13	12	16	20	32	35	36
795	12-Mar-13	02	21	26	31	34	42
796	14-Mar-13	06	07	15	17	32	40
797	16-Mar-13	04	14	17	29	30	38
798	19-Mar-13	02	07	11	14	31	33
799	21-Mar-13	16	21	25	29	30	35
800	23-Mar-13	01	07	15	22	29	35
801	26-Mar-13	03	20	31	32	38	41
802	02-Apr-13	01	05	08	23	24	37
803	04-Apr-13	04	06	27	31	39	40
804	06-Apr-13	01	07	22	24	30	41
805	09-Apr-13	05	24	27	29	30	31
806	11-Apr-13	06	07	17	19	22	24
807	13-Apr-13	03	11	18	22	24	39
808	16-Apr-13	07	12	17	23	26	28
809	18-Apr-13	08	16	18	24	31	33
810	20-Apr-13	12	15	19	25	31	33
811	23-Apr-13	13	14	30	33	37	39
812	25-Apr-13	02	05	16	20	26	32
813	27-Apr-13	03	06	14	19	39	40
814	30-Apr-13	03	20	26	33	36	37
815	02-May-13	02	05	12	16	18	28
816	04-May-13	08	16	21	25	29	32
817	07-May-13	01	04	10	15	35	38
818	09-May-13	02	07	10	22	24	37
819	11-May-13	01	09	14	20	31	34
820	14-May-13	03	04	09	35	40	41
821	16-May-13	03	07	11	13	22	24
822	18-May-13	07	28	29	30	38	42
823	21-May-13	04	11	22	31	34	35
824	23-May-13	16	18	26	27	29	34
825	25-May-13	04	16	20	24	27	32
826	28-May-13	03	04	05	10	16	21
827	30-May-13	04	08	13	30	31	32
828	01-Jun-13	09	14	22	27	28	34
829	04-Jun-13	04	11	15	31	33	34
830	06-Jun-13	05	10	13	19	22	25
831	08-Jun-13	07	21	22	27	30	33
832	11-Jun-13	04	19	20	28	30	39
833	13-Jun-13	09	14	18	22	30	33
834	15-Jun-13	06	21	23	33	34	38
835	18-Jun-13	19	24	28	32	35	36
836	20-Jun-13	13	19	23	27	32	37
837	22-Jun-13	01	04	07	14	17	35
838	25-Jun-13	07	11	26	32	33	36
839	27-Jun-13	08	22	27	32	35	38
840	29-Jun-13	08	26	28	35	38	39
841	02-Jul-13	07	08	10	16	25	27
842	04-Jul-13	08	13	14	20	37	39
843	06-Jul-13	13	20	23	25	27	28
844	09-Jul-13	07	11	15	21	29	39
845	11-Jul-13	08	14	15	16	27	37
846	13-Jul-13	07	12	23	26	34	38
847	16-Jul-13	01	03	24	27	29	42
848	18-Jul-13	05	10	27	29	34	35
849	20-Jul-13	02	03	08	09	36	38
850	23-Jul-13	06	12	13	31	32	42
851	25-Jul-13	04	07	19	21	22	25
852	27-Jul-13	16	29	30	36	39	41
853	30-Jul-13	10	14	20	27	30	35
854	01-Aug-13	05	10	11	22	27	42
855	03-Aug-13	06	14	35	37	40	41
856	06-Aug-13	04	07	13	29	38	41
857	08-Aug-13	07	08	20	24	29	40
858	10-Aug-13	11	19	30	35	39	40
859	13-Aug-13	08	15	18	19	30	40
860	15-Aug-13	08	11	13	30	37	40
861	17-Aug-13	08	11	25	32	35	37
862	20-Aug-13	13	15	16	30	35	42
863	22-Aug-13	01	06	08	10	18	42
864	24-Aug-13	01	22	25	29	38	40
865	27-Aug-13	02	16	18	35	38	39
866	29-Aug-13	09	17	29	34	36	42
867	31-Aug-13	02	05	20	28	35	41
868	03-Sep-13	01	16	22	36	38	39
869	05-Sep-13	06	11	23	31	35	40
870	07-Sep-13	21	24	27	29	32	40
871	10-Sep-13	13	15	16	17	28	36
872	12-Sep-13	08	12	23	24	25	40
873	14-Sep-13	01	09	28	30	31	34
874	17-Sep-13	05	09	22	27	32	36
875	19-Sep-13	16	21	35	37	38	42
876	21-Sep-13	02	05	08	20	25	39
877	24-Sep-13	11	14	22	31	33	34
878	26-Sep-13	01	03	04	19	26	27
879	28-Sep-13	02	18	26	35	38	40
880	01-Oct-13	03	07	14	17	23	32
881	03-Oct-13	09	11	18	31	33	38
882	05-Oct-13	01	06	11	13	23	31
883	08-Oct-13	03	04	19	24	31	37
884	10-Oct-13	09	16	19	27	35	42
885	12-Oct-13	06	09	13	36	37	39
886	15-Oct-13	06	09	15	19	26	27
887	17-Oct-13	18	23	25	35	39	40
888	19-Oct-13	07	11	15	18	19	33
889	22-Oct-13	10	15	21	35	38	39
890	24-Oct-13	04	12	20	21	22	25
891	26-Oct-13	11	16	20	28	29	35
892	29-Oct-13	03	17	20	23	28	37
893	31-Oct-13	04	06	07	14	30	35
894	02-Nov-13	01	07	24	25	30	37
895	05-Nov-13	08	11	17	20	30	32
896	07-Nov-13	04	18	19	20	22	41
897	09-Nov-13	02	03	08	28	30	42
898	12-Nov-13	03	05	16	24	25	32
899	14-Nov-13	04	14	15	18	39	42
900	16-Nov-13	02	03	17	26	30	41
901	19-Nov-13	10	26	32	36	40	41
902	21-Nov-13	14	16	28	32	36	38
903	23-Nov-13	15	17	18	30	35	40
904	26-Nov-13	01	02	15	22	34	36
905	28-Nov-13	08	10	12	20	26	32
906	30-Nov-13	01	07	24	33	40	42
907	03-Dec-13	03	06	15	20	23	25
908	05-Dec-13	04	09	17	26	29	41
909	07-Dec-13	02	03	11	16	18	30
910	10-Dec-13	12	19	21	25	38	42
911	12-Dec-13	04	15	18	21	32	37
912	14-Dec-13	03	04	11	13	27	38
913	17-Dec-13	01	10	18	24	34	35
914	19-Dec-13	05	10	12	17	30	36
915	21-Dec-13	02	04	25	32	34	38
916	24-Dec-13	01	15	16	20	24	41
917	26-Dec-13	03	20	29	36	40	41
918	28-Dec-13	03	11	16	31	34	41
919	31-Dec-13	14	19	29	37	38	41
920	02-Jan-14	04	10	14	15	16	39
921	04-Jan-14	06	07	18	26	33	40
922	07-Jan-14	06	10	25	32	38	41
923	09-Jan-14	13	19	20	21	23	27
924	11-Jan-14	16	19	21	22	34	38
925	14-Jan-14	08	14	24	36	37	42
926	16-Jan-14	11	12	22	29	33	36
927	18-Jan-14	03	08	25	26	27	41
928	21-Jan-14	03	10	12	19	32	37
929	23-Jan-14	03	09	11	15	22	40
930	25-Jan-14	07	20	22	24	34	35
931	28-Jan-14	12	17	19	20	27	31
932	30-Jan-14	04	07	09	19	33	40
933	01-Feb-14	04	08	11	12	20	21
934	04-Feb-14	08	09	23	24	28	33
935	06-Feb-14	01	05	09	32	33	37
936	08-Feb-14	06	09	11	16	19	22
937	11-Feb-14	20	22	29	35	41	42
938	13-Feb-14	05	11	21	25	39	41
939	15-Feb-14	03	12	16	29	31	34
940	18-Feb-14	05	16	21	26	30	32
941	20-Feb-14	06	08	10	20	26	35
942	22-Feb-14	08	16	27	32	34	38
943	25-Feb-14	06	14	21	32	37	40
944	27-Feb-14	15	16	19	24	28	38
945	01-Mar-14	02	03	04	21	29	31
946	04-Mar-14	03	24	25	30	34	35
947	06-Mar-14	04	09	10	21	26	39
948	08-Mar-14	01	02	03	11	22	37
949	11-Mar-14	06	12	25	34	38	40
950	13-Mar-14	01	05	15	20	21	23
951	15-Mar-14	04	12	19	22	25	26
952	18-Mar-14	10	14	19	20	21	24
953	20-Mar-14	08	10	11	13	16	32
954	22-Mar-14	01	21	28	30	35	42
955	25-Mar-14	05	06	15	18	24	27
956	27-Mar-14	05	12	27	31	34	41
957	29-Mar-14	07	13	16	23	29	32
958	01-Apr-14	04	08	12	27	33	40
959	03-Apr-14	01	03	23	25	31	36
960	05-Apr-14	02	09	14	21	25	31
961	08-Apr-14	02	05	14	28	30	37
962	10-Apr-14	02	07	19	27	41	42
963	12-Apr-14	13	28	33	39	40	41
964	15-Apr-14	01	03	15	18	30	31
965	22-Apr-14	05	11	22	30	33	41
966	24-Apr-14	01	17	31	34	37	42
967	26-Apr-14	13	18	20	26	27	32
968	29-Apr-14	05	06	11	20	39	42
969	01-May-14	28	29	34	37	40	41
970	03-May-14	12	14	18	19	22	27
971	06-May-14	03	10	12	20	33	41
972	08-May-14	01	08	21	23	26	37
973	10-May-14	13	19	22	24	29	34
974	13-May-14	05	15	16	19	29	40
975	15-May-14	07	10	20	27	39	42
976	17-May-14	02	14	21	27	28	34
977	20-May-14	14	18	19	20	26	34
978	22-May-14	06	12	14	16	17	20
979	24-May-14	05	11	18	31	38	41
980	27-May-14	13	17	21	38	40	42
981	29-May-14	04	05	10	12	30	31
982	31-May-14	02	14	18	27	30	39
983	03-Jun-14	04	05	09	17	23	28
984	05-Jun-14	04	08	14	22	23	35
985	07-Jun-14	17	26	30	31	33	38
986	10-Jun-14	10	15	25	28	39	41
987	12-Jun-14	04	17	23	27	33	41
988	14-Jun-14	01	05	08	11	15	37
989	17-Jun-14	14	18	24	27	33	38
990	19-Jun-14	05	06	30	32	33	35
991	21-Jun-14	12	14	17	21	26	38
992	24-Jun-14	04	05	23	26	29	36
993	26-Jun-14	13	16	18	27	30	31
994	28-Jun-14	01	04	06	18	27	29
995	01-Jul-14	06	22	30	32	37	39
996	03-Jul-14	02	04	06	22	30	40
997	05-Jul-14	08	11	21	27	37	39
998	08-Jul-14	04	15	17	26	37	38
999	10-Jul-14	18	20	23	26	31	33
1000	12-Jul-14	03	23	32	34	38	39
1001	15-Jul-14	01	07	12	17	19	31
1002	17-Jul-14	02	04	21	31	34	36
1003	19-Jul-14	03	15	26	29	35	42
1004	22-Jul-14	04	18	21	23	31	40
1005	24-Jul-14	03	05	15	16	24	37
1006	26-Jul-14	06	11	26	33	38	41
1007	29-Jul-14	04	10	28	33	36	40
1008	31-Jul-14	09	17	22	23	29	35
1009	02-Aug-14	05	09	19	21	31	36
1010	05-Aug-14	03	13	18	24	36	39
1011	07-Aug-14	03	21	22	26	31	38
1012	09-Aug-14	16	17	31	37	38	41
1013	12-Aug-14	05	11	20	31	33	40
1014	14-Aug-14	05	20	27	29	32	34
1015	16-Aug-14	08	19	22	26	38	40
1016	19-Aug-14	01	02	17	28	32	40
1017	21-Aug-14	12	27	32	34	35	38
1018	23-Aug-14	08	09	13	15	16	28
1019	26-Aug-14	01	07	24	28	34	42
1020	28-Aug-14	07	24	30	35	38	42
1021	30-Aug-14	05	09	10	12	17	28
1022	02-Sep-14	04	08	22	28	29	40
1023	04-Sep-14	01	04	24	28	29	41
1024	06-Sep-14	15	21	27	39	40	42
1025	09-Sep-14	01	12	13	20	24	36
1026	11-Sep-14	19	20	22	25	30	39
1027	13-Sep-14	07	16	22	28	29	41
1028	16-Sep-14	03	18	20	22	26	35
1029	18-Sep-14	02	04	19	35	37	41
1030	20-Sep-14	01	02	08	20	24	29
1031	23-Sep-14	07	08	20	26	36	42
1032	25-Sep-14	01	10	12	21	37	40
1033	27-Sep-14	01	25	31	38	39	41
1034	30-Sep-14	01	15	20	25	30	42
1035	02-Oct-14	09	21	31	36	40	41
1036	04-Oct-14	01	10	11	32	34	35
1037	07-Oct-14	14	16	19	24	25	35
1038	09-Oct-14	01	06	07	11	17	26
1039	11-Oct-14	04	12	15	33	34	35
1040	14-Oct-14	02	07	12	19	34	37
1041	16-Oct-14	02	04	12	19	35	39
1042	18-Oct-14	03	10	15	20	38	42
1043	21-Oct-14	05	09	13	28	30	42
1044	23-Oct-14	02	04	14	17	23	41
1045	25-Oct-14	05	06	07	14	37	40
1046	28-Oct-14	10	11	14	19	26	32
1047	30-Oct-14	12	14	27	28	32	40
1048	01-Nov-14	08	09	11	21	30	37
1049	04-Nov-14	01	02	04	35	37	39
1050	06-Nov-14	07	27	33	34	40	42
1051	08-Nov-14	05	19	22	25	27	38
1052	11-Nov-14	02	09	15	20	21	30
1053	13-Nov-14	13	20	23	35	40	41
1054	15-Nov-14	10	13	14	20	23	31
1055	18-Nov-14	19	20	23	26	29	34
1056	20-Nov-14	02	03	07	09	17	37
1057	22-Nov-14	02	21	24	30	36	37
1058	25-Nov-14	02	03	07	33	38	41
1059	27-Nov-14	14	19	23	29	30	34
1060	29-Nov-14	09	14	21	33	36	38
1061	02-Dec-14	09	10	15	18	20	27
1062	04-Dec-14	09	28	30	34	40	41
1063	06-Dec-14	10	17	34	35	41	42
1064	09-Dec-14	02	16	25	33	35	39
1065	11-Dec-14	02	16	20	26	31	34
1066	13-Dec-14	01	02	07	20	31	42
1067	16-Dec-14	02	07	35	37	38	39
1068	18-Dec-14	06	07	12	15	28	35
1069	20-Dec-14	10	12	23	29	35	41
1070	23-Dec-14	04	09	11	24	29	37
1071	27-Dec-14	10	18	25	33	40	41
1072	30-Dec-14	01	03	10	13	27	36
1073	03-Jan-15	06	28	29	32	39	41
1074	06-Jan-15	10	11	15	24	36	37
1075	08-Jan-15	04	19	30	35	36	41
1076	10-Jan-15	05	06	23	26	39	40
1077	13-Jan-15	09	24	25	29	30	34
1078	15-Jan-15	01	04	07	15	27	41
1079	17-Jan-15	01	06	33	36	39	42
1080	20-Jan-15	15	24	30	33	37	40
1081	22-Jan-15	02	03	23	25	29	36
1082	24-Jan-15	03	19	20	22	23	34
1083	27-Jan-15	02	07	08	09	20	41
1084	29-Jan-15	09	11	14	19	21	41
1085	31-Jan-15	06	23	24	25	38	39
1086	03-Feb-15	05	11	13	22	26	38
1087	05-Feb-15	09	13	21	26	27	33
1088	07-Feb-15	12	17	19	26	29	41
1089	10-Feb-15	05	06	15	24	30	36
1090	12-Feb-15	12	18	19	21	22	42
1091	14-Feb-15	05	10	17	19	20	29
1092	17-Feb-15	05	15	22	31	37	40
1093	19-Feb-15	09	13	15	23	25	42
1094	21-Feb-15	02	10	13	26	27	41
1095	24-Feb-15	04	06	15	21	30	42
1096	26-Feb-15	07	09	15	21	31	40
1097	28-Feb-15	04	06	11	19	22	39
1098	03-Mar-15	07	12	25	27	33	42
1099	05-Mar-15	10	12	15	16	21	26
1100	07-Mar-15	01	05	17	31	32	42
1101	10-Mar-15	17	24	34	36	37	39
1102	12-Mar-15	01	12	13	23	25	40
1103	14-Mar-15	04	06	10	17	22	28
1104	17-Mar-15	10	11	12	19	38	40
1105	19-Mar-15	01	15	16	20	39	42
1106	21-Mar-15	12	14	27	34	38	41
1107	24-Mar-15	15	16	17	26	32	39
1108	26-Mar-15	13	19	25	34	35	38
1109	28-Mar-15	03	05	10	16	19	37
1110	31-Mar-15	12	13	21	28	37	38
1111	07-Apr-15	08	11	27	32	36	40
1112	09-Apr-15	18	28	31	34	39	41
1113	11-Apr-15	08	11	18	32	33	35
1114	14-Apr-15	10	15	25	30	40	42
1115	16-Apr-15	12	13	17	25	26	33
1116	18-Apr-15	01	05	08	24	28	29
1117	21-Apr-15	02	12	15	17	39	42
1118	23-Apr-15	26	28	35	36	39	42
1119	25-Apr-15	02	06	13	22	23	41
1120	28-Apr-15	08	11	16	35	38	40
1121	30-Apr-15	04	11	23	25	28	34
1122	02-May-15	04	08	11	12	16	42
1123	05-May-15	16	21	26	27	39	40
1124	07-May-15	02	07	22	24	26	37
1125	09-May-15	01	03	06	15	19	30
1126	12-May-15	04	08	17	26	32	41
1127	14-May-15	02	08	16	21	26	33
1128	16-May-15	02	10	16	17	31	42
1129	19-May-15	02	04	06	13	22	38
1130	21-May-15	04	08	10	14	29	33
1131	23-May-15	27	29	32	33	36	41
1132	26-May-15	13	14	18	26	33	42
1133	28-May-15	02	14	21	27	31	40
1134	30-May-15	02	10	15	20	25	39
1135	02-Jun-15	01	03	12	16	20	29
1136	04-Jun-15	05	12	19	31	38	41
1137	06-Jun-15	10	14	26	31	38	42
1138	09-Jun-15	07	19	20	29	32	34
1139	11-Jun-15	05	06	08	13	20	32
1140	13-Jun-15	02	10	28	30	40	42
1141	16-Jun-15	01	04	10	17	22	39
1142	18-Jun-15	02	07	11	15	16	29
1143	20-Jun-15	19	30	34	35	36	38
1144	23-Jun-15	01	09	12	18	27	37
1145	25-Jun-15	05	14	17	19	22	42
1146	27-Jun-15	05	06	13	24	29	36
1147	30-Jun-15	07	15	16	20	28	34
1148	02-Jul-15	09	25	34	35	37	42
1149	04-Jul-15	12	26	32	33	39	41
1150	07-Jul-15	07	16	18	28	37	41
1151	09-Jul-15	03	22	26	30	34	37
1152	11-Jul-15	11	21	22	27	28	39
1153	14-Jul-15	05	13	19	21	29	40
1154	16-Jul-15	02	03	08	15	25	26
1155	18-Jul-15	07	10	15	18	23	40
1156	21-Jul-15	02	10	15	18	26	29
1157	23-Jul-15	09	18	27	29	32	37
1158	25-Jul-15	09	13	14	22	29	35
1159	28-Jul-15	09	10	12	14	18	33
1160	30-Jul-15	06	28	32	33	37	42
1161	01-Aug-15	07	14	19	25	27	31
1162	04-Aug-15	20	21	23	25	34	37
1163	06-Aug-15	01	05	12	15	17	40
1164	08-Aug-15	04	05	12	25	34	36
1165	11-Aug-15	15	22	24	27	28	39
1166	13-Aug-15	11	22	27	31	32	42
1167	15-Aug-15	08	10	25	27	31	36
1168	18-Aug-15	07	08	13	22	32	40
1169	20-Aug-15	09	19	24	30	35	38
1170	22-Aug-15	07	10	21	24	28	33
1171	25-Aug-15	09	12	15	19	38	41
1172	27-Aug-15	02	10	11	13	16	29
1173	29-Aug-15	04	12	19	20	25	31
1174	01-Sep-15	08	09	22	23	27	30
1175	03-Sep-15	16	18	20	22	23	27
1176	05-Sep-15	07	16	26	28	30	39
1177	08-Sep-15	11	16	28	33	37	40
1178	10-Sep-15	09	11	12	37	39	42
1179	12-Sep-15	06	09	11	39	41	42
1180	15-Sep-15	03	05	20	26	39	42
1181	17-Sep-15	03	27	28	34	38	39
1182	19-Sep-15	15	22	24	28	36	38
1183	22-Sep-15	04	15	24	34	35	38
1184	24-Sep-15	08	10	15	29	36	40
1185	26-Sep-15	11	21	36	38	39	41
1186	29-Sep-15	01	09	13	19	21	30
1187	01-Oct-15	07	10	15	19	22	37
1188	03-Oct-15	11	20	26	29	35	42
1189	06-Oct-15	13	14	23	32	34	39
1190	08-Oct-15	02	17	21	32	36	38
1191	10-Oct-15	01	15	16	18	40	41
1192	13-Oct-15	09	12	13	14	36	39
1193	15-Oct-15	17	21	24	26	30	33
1194	17-Oct-15	15	17	24	28	33	34
1195	20-Oct-15	01	14	18	19	24	32
1196	22-Oct-15	01	13	23	24	36	41
1197	24-Oct-15	03	14	22	23	37	40
1198	27-Oct-15	08	12	13	24	34	40
1199	29-Oct-15	03	09	12	31	33	40
1200	31-Oct-15	06	08	15	21	27	30
1201	03-Nov-15	02	20	25	27	29	36
1202	05-Nov-15	13	18	30	32	38	39
1203	07-Nov-15	01	04	06	11	17	24
1204	10-Nov-15	03	10	14	21	23	28
1205	12-Nov-15	15	17	30	32	33	42
1206	14-Nov-15	02	14	15	19	21	31
1207	17-Nov-15	14	16	20	23	30	40
1208	19-Nov-15	03	07	12	19	25	37
1209	21-Nov-15	04	06	12	16	32	36
1210	24-Nov-15	01	10	30	31	32	37
1211	26-Nov-15	12	13	20	21	36	41
1212	28-Nov-15	07	15	19	21	22	39
1213	01-Dec-15	07	12	17	31	33	35
1214	03-Dec-15	01	18	19	26	34	41
1215	05-Dec-15	05	22	28	30	40	42
1216	08-Dec-15	22	25	26	31	33	40
1217	10-Dec-15	20	23	25	33	35	39
1218	12-Dec-15	01	04	11	12	20	32
1219	15-Dec-15	14	19	20	21	22	40
1220	17-Dec-15	13	23	25	26	27	32
1221	19-Dec-15	04	25	28	31	38	42
1222	22-Dec-15	18	24	27	32	36	37
1223	24-Dec-15	11	13	15	36	37	39
1224	26-Dec-15	05	08	11	28	34	37
1225	29-Dec-15	03	04	12	14	31	42
1226	31-Dec-15	01	20	32	38	40	42
1227	02-Jan-16	04	07	13	16	25	31
1228	05-Jan-16	02	03	11	14	28	40
1229	07-Jan-16	03	04	18	29	32	42
1230	09-Jan-16	03	07	12	21	26	31
1231	12-Jan-16	03	08	21	32	39	41
1232	14-Jan-16	06	15	25	34	36	42
1233	16-Jan-16	09	17	24	25	26	41
1234	19-Jan-16	16	19	22	27	34	40
1235	21-Jan-16	10	16	25	29	35	42
1236	23-Jan-16	04	12	19	25	29	35
1237	26-Jan-16	16	22	31	34	40	41
1238	28-Jan-16	01	03	04	13	25	38
1239	30-Jan-16	07	10	15	19	26	28
1240	02-Feb-16	17	19	28	33	39	40
1241	04-Feb-16	09	13	32	35	37	39
1242	06-Feb-16	09	14	17	21	35	37
1243	09-Feb-16	04	05	07	12	13	33
1244	11-Feb-16	02	07	22	23	39	42
1245	13-Feb-16	02	15	16	25	30	35
1246	16-Feb-16	01	19	28	31	38	40
1247	18-Feb-16	01	06	12	17	32	39
1248	20-Feb-16	01	18	23	25	40	42
1249	23-Feb-16	04	08	11	26	31	32
1250	25-Feb-16	05	11	14	16	21	34
1251	27-Feb-16	03	06	14	21	23	37
1252	01-Mar-16	04	05	07	13	19	37
1253	03-Mar-16	02	08	19	21	31	42
1254	05-Mar-16	05	06	10	17	22	28
1255	08-Mar-16	09	21	26	27	30	31
1256	10-Mar-16	07	15	19	24	27	34
1257	12-Mar-16	04	06	20	22	27	38
1258	15-Mar-16	01	15	20	30	40	41
1259	17-Mar-16	10	13	23	34	36	38
1260	19-Mar-16	03	26	30	31	36	39
1261	22-Mar-16	08	13	19	24	25	35
1262	29-Mar-16	01	02	10	16	18	32
1263	31-Mar-16	05	07	14	17	27	35
1264	02-Apr-16	01	02	11	14	26	42
1265	05-Apr-16	11	12	21	24	34	37
1266	07-Apr-16	04	06	07	15	23	36
1267	09-Apr-16	05	07	12	35	36	38
1268	12-Apr-16	06	21	29	32	34	36
1269	14-Apr-16	06	11	15	21	26	38
1270	16-Apr-16	12	14	15	19	23	33
1271	19-Apr-16	05	09	21	27	32	34
1272	21-Apr-16	13	15	18	22	36	37
1273	23-Apr-16	01	05	07	18	29	41
1274	26-Apr-16	11	25	30	33	39	40
1275	28-Apr-16	07	08	16	17	18	32
1276	30-Apr-16	01	02	09	11	17	28
1277	03-May-16	09	13	17	18	22	24
1278	05-May-16	13	20	24	38	39	40
1279	07-May-16	04	08	14	21	23	38
1280	10-May-16	06	13	17	24	28	30
1281	12-May-16	06	09	13	18	29	35
1282	14-May-16	11	28	29	31	41	42
1283	17-May-16	05	12	13	23	35	38
1284	19-May-16	02	08	09	10	15	20
1285	21-May-16	02	05	10	17	31	37
1286	24-May-16	01	06	14	26	36	42
1287	26-May-16	12	15	18	23	29	31
1288	28-May-16	02	12	15	19	25	32
1289	31-May-16	02	07	09	19	23	37
1290	02-Jun-16	07	08	16	22	26	41
1291	04-Jun-16	01	06	09	11	16	32
1292	07-Jun-16	04	05	06	20	29	40
1293	09-Jun-16	12	14	18	28	34	37
1294	11-Jun-16	13	18	32	34	35	41
1295	14-Jun-16	01	11	16	27	28	29
1296	16-Jun-16	03	19	30	31	34	42
1297	18-Jun-16	03	08	10	30	36	38
1298	21-Jun-16	15	18	23	30	37	40
1299	23-Jun-16	16	17	32	34	35	37
1300	25-Jun-16	08	10	24	34	35	36
1301	28-Jun-16	02	03	22	28	35	42
1302	30-Jun-16	02	14	20	34	39	40
1303	02-Jul-16	05	23	24	25	38	42
1304	05-Jul-16	04	06	09	18	30	39
1305	07-Jul-16	02	03	06	17	31	36
1306	09-Jul-16	07	20	23	26	35	38
1307	12-Jul-16	07	12	13	18	29	35
1308	14-Jul-16	04	05	08	10	11	25
1309	16-Jul-16	10	13	14	22	34	40
1310	19-Jul-16	05	06	09	31	33	36
1311	21-Jul-16	02	04	12	18	37	39
1312	23-Jul-16	02	10	11	19	26	34
1313	26-Jul-16	15	23	26	31	33	36
1314	28-Jul-16	04	12	15	24	36	42
1315	30-Jul-16	16	20	21	33	39	40
1316	02-Aug-16	06	17	18	22	35	39
1317	04-Aug-16	05	12	13	27	33	35
1318	06-Aug-16	01	10	11	12	31	34
1319	09-Aug-16	02	12	14	15	37	40
1320	11-Aug-16	07	08	09	23	27	28
1321	13-Aug-16	03	05	14	15	26	28
1322	16-Aug-16	18	21	33	34	35	41
1323	18-Aug-16	01	03	14	19	37	40
1324	20-Aug-16	01	06	07	12	31	32
1325	23-Aug-16	02	20	30	33	34	37
1326	25-Aug-16	11	16	32	35	39	40
1327	27-Aug-16	03	13	17	20	37	41
1328	30-Aug-16	08	15	19	26	32	36
1329	01-Sep-16	13	17	23	29	30	34
1330	03-Sep-16	06	13	16	17	21	22
1331	06-Sep-16	04	17	19	25	40	41
1332	08-Sep-16	02	04	20	22	26	31
1333	10-Sep-16	08	23	25	33	34	35
1334	13-Sep-16	09	16	17	34	37	38
1335	15-Sep-16	02	07	18	33	38	42
1336	17-Sep-16	10	14	19	25	31	32
1337	20-Sep-16	04	05	10	14	15	36
1338	22-Sep-16	14	15	18	31	40	41
1339	24-Sep-16	01	05	07	16	25	27
1340	27-Sep-16	04	17	24	27	30	39
1341	29-Sep-16	27	32	34	36	40	42
1342	01-Oct-16	02	03	19	20	31	38
1343	04-Oct-16	01	06	10	22	24	42
1344	06-Oct-16	16	17	19	20	24	29
1345	08-Oct-16	05	09	22	29	30	38
1346	11-Oct-16	10	13	21	25	29	30
1347	13-Oct-16	01	03	06	11	30	32
1348	15-Oct-16	02	15	17	18	23	31
1349	18-Oct-16	02	05	13	16	22	35
1350	20-Oct-16	12	18	24	25	30	34
1351	22-Oct-16	02	09	10	21	31	41
1352	25-Oct-16	02	06	12	16	38	40
1353	27-Oct-16	01	06	07	16	31	42
1354	29-Oct-16	08	12	14	22	32	33
1355	01-Nov-16	02	10	14	30	34	35
1356	03-Nov-16	01	15	18	19	24	28
1357	05-Nov-16	03	04	19	34	35	39
1358	08-Nov-16	12	15	29	31	33	38
1359	10-Nov-16	03	16	18	21	30	36
1360	12-Nov-16	04	05	12	14	15	39
1361	15-Nov-16	11	16	20	22	25	40
1362	17-Nov-16	06	08	27	35	36	37
1363	19-Nov-16	01	05	15	20	31	32
1364	22-Nov-16	05	25	26	29	33	41
1365	24-Nov-16	05	06	12	15	22	24
1366	26-Nov-16	05	25	29	30	40	41
1367	29-Nov-16	06	07	11	12	36	42
1368	01-Dec-16	05	12	23	26	32	33
1369	03-Dec-16	02	07	19	27	32	39
1370	06-Dec-16	08	20	21	23	29	42
1371	08-Dec-16	02	05	16	32	36	42
1372	10-Dec-16	03	15	18	20	22	28
1373	13-Dec-16	01	20	24	28	35	41
1374	15-Dec-16	12	14	18	26	31	40
1375	17-Dec-16	01	03	17	23	25	37
1376	20-Dec-16	01	09	13	25	29	39
1377	22-Dec-16	02	04	31	35	36	40
1378	24-Dec-16	01	02	06	08	09	28
1379	27-Dec-16	11	14	30	33	37	40
1380	29-Dec-16	04	06	08	13	21	34
1381	31-Dec-16	06	15	17	24	29	33
1382	03-Jan-17	11	15	16	17	32	33
1383	05-Jan-17	02	06	09	32	39	41
1384	07-Jan-17	04	06	12	15	17	31
1385	10-Jan-17	11	12	13	22	29	32
1386	12-Jan-17	07	15	16	17	28	30
1387	14-Jan-17	01	09	14	18	22	37
1388	17-Jan-17	01	15	27	31	36	37
1389	19-Jan-17	02	04	23	30	31	40
1390	21-Jan-17	01	17	28	34	38	39
1391	24-Jan-17	03	06	08	29	31	32
1392	26-Jan-17	03	04	06	09	32	39
1393	28-Jan-17	08	13	14	17	25	35
1394	31-Jan-17	02	10	15	29	31	36
1395	02-Feb-17	07	15	20	27	30	37
1396	04-Feb-17	01	03	04	10	18	23
1397	07-Feb-17	03	07	12	18	31	40
1398	09-Feb-17	07	08	11	22	25	34
1399	11-Feb-17	08	10	15	18	20	32
1400	14-Feb-17	21	24	26	27	31	40
1401	16-Feb-17	22	28	29	30	37	41
1402	18-Feb-17	10	11	16	17	21	29
1403	21-Feb-17	03	08	21	23	25	34
1404	23-Feb-17	04	05	11	16	17	33
1405	25-Feb-17	03	19	27	28	35	42
1406	28-Feb-17	02	20	25	29	33	37
1407	02-Mar-17	01	06	08	10	22	36
1408	04-Mar-17	08	16	25	35	37	41
1409	07-Mar-17	03	18	22	31	34	39
1410	09-Mar-17	07	08	10	20	28	36
1411	11-Mar-17	03	05	09	16	18	31
1412	14-Mar-17	14	19	20	31	34	41
1413	16-Mar-17	06	17	21	23	28	29
1414	18-Mar-17	04	18	21	24	36	40
1415	21-Mar-17	03	07	12	15	21	38
1416	23-Mar-17	04	12	20	24	31	41
1417	25-Mar-17	01	04	06	08	14	41
1418	28-Mar-17	03	23	25	26	33	38
1419	30-Mar-17	03	13	18	23	24	34
1420	01-Apr-17	08	10	16	34	38	41
1421	04-Apr-17	04	08	19	27	31	33
1422	06-Apr-17	05	12	20	26	28	32
1423	08-Apr-17	04	05	08	15	16	20
1424	11-Apr-17	10	11	12	27	28	32
1425	18-Apr-17	07	14	21	32	35	38
1426	20-Apr-17	05	07	24	26	33	36
1427	22-Apr-17	02	04	10	20	28	41
1428	25-Apr-17	07	08	09	20	28	37
1429	27-Apr-17	10	19	23	32	35	39
1430	29-Apr-17	07	15	23	39	40	42
1431	02-May-17	05	06	14	27	33	41
1432	04-May-17	15	30	31	34	40	41
1433	06-May-17	13	18	29	36	38	42
1434	09-May-17	01	02	20	37	38	39
1435	11-May-17	06	15	17	21	36	37
1436	13-May-17	14	18	19	20	22	32
1437	16-May-17	01	04	05	16	31	39
1438	18-May-17	01	06	12	25	31	35
1439	20-May-17	04	08	17	22	38	41
1440	23-May-17	01	13	16	21	30	35
1441	25-May-17	02	11	12	16	20	24
1442	27-May-17	12	15	18	23	27	40
1443	30-May-17	02	04	05	15	22	25
1444	01-Jun-17	06	09	19	30	31	35
1445	03-Jun-17	20	22	24	28	31	40
1446	06-Jun-17	01	05	13	25	30	37
1447	08-Jun-17	03	09	27	35	40	42
1448	10-Jun-17	02	06	13	19	23	42
1449	13-Jun-17	05	06	08	13	25	36
1450	15-Jun-17	02	07	18	20	37	40
1451	17-Jun-17	16	18	29	32	33	39
1452	20-Jun-17	11	12	13	14	24	25
1453	22-Jun-17	06	12	13	16	21	27
1454	24-Jun-17	02	07	13	21	40	41
1455	27-Jun-17	06	10	20	30	34	35
1456	29-Jun-17	04	08	14	21	38	40
1457	01-Jul-17	11	21	31	32	40	41
1458	04-Jul-17	05	10	29	32	34	36
1459	06-Jul-17	01	04	05	27	36	41
1460	08-Jul-17	04	07	10	33	37	40
1461	11-Jul-17	01	07	08	18	23	31
1462	13-Jul-17	11	14	17	28	34	36
1463	15-Jul-17	01	12	18	19	28	42
1464	18-Jul-17	04	05	13	27	31	36
1465	20-Jul-17	02	04	09	10	24	29
1466	22-Jul-17	03	14	17	21	29	37
1467	25-Jul-17	06	25	28	31	33	38
1468	27-Jul-17	03	15	23	25	34	39
1469	29-Jul-17	02	05	10	13	26	42
1470	01-Aug-17	07	09	10	29	35	42
1471	03-Aug-17	10	20	22	24	30	42
1472	05-Aug-17	12	19	24	35	38	42
1473	08-Aug-17	01	07	19	25	30	31
1474	10-Aug-17	08	12	18	28	29	40
1475	12-Aug-17	04	14	17	18	30	33
1476	15-Aug-17	08	10	15	30	35	38
1477	17-Aug-17	09	11	13	32	33	37
1478	19-Aug-17	06	11	16	29	35	37
1479	22-Aug-17	02	17	23	29	30	42
1480	24-Aug-17	13	25	32	33	34	36
1481	26-Aug-17	22	24	36	37	38	41
1482	29-Aug-17	01	05	21	22	28	41
1483	31-Aug-17	02	04	14	17	25	27
1484	02-Sep-17	03	04	28	32	36	41
1485	05-Sep-17	05	06	12	29	39	42
1486	07-Sep-17	26	27	28	30	41	42
1487	09-Sep-17	10	11	21	29	37	41
1488	12-Sep-17	01	12	19	24	26	38
1489	14-Sep-17	11	12	16	20	31	38
1490	16-Sep-17	01	05	22	27	34	38
1491	19-Sep-17	06	24	25	27	35	42
1492	21-Sep-17	04	05	07	16	23	39
1493	23-Sep-17	11	13	19	21	22	31
1494	26-Sep-17	06	07	19	23	24	41
1495	28-Sep-17	02	08	18	20	25	30
1496	30-Sep-17	08	09	12	27	36	39
1497	03-Oct-17	01	07	12	17	28	31
1498	05-Oct-17	03	07	09	11	12	21
1499	07-Oct-17	02	09	21	23	30	40
1500	10-Oct-17	05	07	08	19	27	36
1501	12-Oct-17	06	16	21	33	37	39
1502	14-Oct-17	01	04	11	13	19	36
1503	17-Oct-17	07	09	16	20	24	28
1504	19-Oct-17	11	15	16	28	32	38
1505	21-Oct-17	03	07	19	26	31	34
1506	24-Oct-17	01	07	12	23	28	30
1507	26-Oct-17	11	13	16	30	36	37
1508	28-Oct-17	02	11	15	20	22	31
1509	31-Oct-17	08	14	15	20	25	42
1510	02-Nov-17	03	11	18	19	31	42
1511	04-Nov-17	08	10	19	25	26	42
1512	07-Nov-17	09	15	30	33	34	36
1513	09-Nov-17	06	07	12	17	27	37
1514	11-Nov-17	03	06	09	23	25	30
1515	14-Nov-17	04	10	21	23	27	28
1516	16-Nov-17	08	17	28	30	38	42
1517	18-Nov-17	02	12	15	20	37	38
1518	21-Nov-17	07	24	26	31	32	38
1519	23-Nov-17	01	16	24	28	34	40
1520	25-Nov-17	01	07	11	22	29	35
1521	28-Nov-17	01	07	16	17	28	39
1522	30-Nov-17	03	09	26	27	31	33
1523	02-Dec-17	04	21	27	30	33	39
1524	05-Dec-17	11	14	15	21	23	30
1525	07-Dec-17	09	10	21	24	27	37
1526	09-Dec-17	04	11	12	25	27	30
1527	12-Dec-17	15	17	18	20	24	40
1528	14-Dec-17	01	05	14	16	23	28
1529	16-Dec-17	03	08	13	19	22	26
1530	19-Dec-17	02	04	17	18	28	34
1531	21-Dec-17	03	19	26	27	36	39
1532	23-Dec-17	16	18	29	31	39	41
1533	26-Dec-17	02	14	33	34	39	41
1534	28-Dec-17	06	10	16	17	30	38
1535	30-Dec-17	05	10	11	28	38	41
1536	02-Jan-18	04	14	16	17	19	29
1537	04-Jan-18	05	11	16	19	26	30
1538	06-Jan-18	11	13	15	24	28	40
1539	09-Jan-18	07	11	27	28	34	42
1540	11-Jan-18	01	03	11	24	38	41
1541	13-Jan-18	02	08	12	25	31	32
1542	16-Jan-18	04	07	08	12	32	38
1543	18-Jan-18	01	05	17	35	37	40
1544	20-Jan-18	06	16	25	29	30	38
1545	23-Jan-18	05	11	24	31	33	42
1546	25-Jan-18	02	05	10	16	24	26
1547	27-Jan-18	04	06	07	12	24	30
1548	30-Jan-18	02	06	11	12	20	35
1549	01-Feb-18	06	13	14	18	30	34
1550	03-Feb-18	03	14	19	21	22	29
1551	06-Feb-18	01	04	09	21	29	36
1552	08-Feb-18	07	08	11	19	30	32
1553	10-Feb-18	06	08	18	23	30	41
1554	13-Feb-18	07	19	21	22	31	35
1555	15-Feb-18	01	21	22	24	28	39
1556	17-Feb-18	05	19	22	33	40	41
1557	20-Feb-18	02	21	25	34	35	40
1558	22-Feb-18	18	25	27	30	35	41
1559	24-Feb-18	09	12	17	25	32	34
1560	27-Feb-18	10	12	19	26	28	36
1561	01-Mar-18	07	14	25	34	40	42
1562	03-Mar-18	08	19	24	30	35	39
1563	06-Mar-18	04	05	23	30	37	39
1564	08-Mar-18	14	24	25	27	36	38
1565	10-Mar-18	03	26	38	39	41	42
1566	13-Mar-18	02	03	28	32	36	41
1567	15-Mar-18	02	09	17	27	37	42
1568	17-Mar-18	08	09	12	23	24	31
1569	20-Mar-18	05	11	26	30	34	38
1570	22-Mar-18	04	06	15	20	39	42
1571	24-Mar-18	04	08	17	21	31	32
1572	27-Mar-18	01	05	08	22	34	38
1573	03-Apr-18	07	19	27	29	36	38
1574	05-Apr-18	03	08	20	22	31	40
1575	07-Apr-18	11	16	18	26	30	36
1576	10-Apr-18	02	11	25	31	34	39
1577	12-Apr-18	09	12	27	29	32	33
1578	14-Apr-18	03	10	18	29	35	41
1579	17-Apr-18	04	06	30	39	41	42
1580	19-Apr-18	11	14	16	23	29	31
1581	21-Apr-18	04	11	12	14	33	39
1582	24-Apr-18	03	08	12	23	25	41
1583	26-Apr-18	04	13	22	23	32	41
1584	28-Apr-18	02	03	22	35	37	42
1585	01-May-18	12	14	17	28	31	36
1586	03-May-18	01	12	22	23	25	26
1587	05-May-18	01	05	12	15	24	39
1588	08-May-18	04	07	17	23	26	38
1589	10-May-18	03	09	10	18	37	41
1590	12-May-18	15	16	24	25	39	40
1591	15-May-18	03	10	13	38	40	42
1592	17-May-18	05	06	14	18	30	33
1593	19-May-18	04	08	16	18	29	38
1594	22-May-18	08	11	26	29	30	33
1595	24-May-18	02	15	27	29	30	37
1596	26-May-18	13	16	21	23	34	38
1597	29-May-18	01	13	14	28	33	40
1598	31-May-18	03	15	24	30	31	36
1599	02-Jun-18	17	23	24	25	29	35
1600	05-Jun-18	01	17	24	26	30	41
1601	07-Jun-18	11	27	29	33	35	36
1602	09-Jun-18	12	21	22	30	37	40
1603	12-Jun-18	05	14	20	30	35	36
1604	14-Jun-18	02	03	10	21	24	36
1605	16-Jun-18	02	08	23	29	38	41
1606	19-Jun-18	11	24	30	32	34	39
1607	21-Jun-18	01	08	16	23	30	39
1608	23-Jun-18	08	20	27	32	40	42
1609	26-Jun-18	07	15	19	26	27	39
1610	28-Jun-18	01	16	23	30	34	35
1611	30-Jun-18	06	20	27	38	39	42
1612	03-Jul-18	13	19	21	32	41	42
1613	05-Jul-18	04	15	27	29	30	34
1614	07-Jul-18	02	07	11	33	36	39
1615	10-Jul-18	16	24	27	31	32	40
1616	12-Jul-18	12	13	22	30	35	39
1617	14-Jul-18	08	12	26	31	33	35
1618	17-Jul-18	12	28	30	31	34	37
1619	19-Jul-18	09	13	30	36	39	41
1620	21-Jul-18	06	17	29	31	33	39
1621	24-Jul-18	01	04	07	14	32	34
1622	26-Jul-18	02	08	12	22	33	35
1623	28-Jul-18	09	13	28	33	37	42
1624	31-Jul-18	02	05	23	32	38	40
1625	02-Aug-18	08	14	16	26	36	39
1626	04-Aug-18	01	05	11	22	28	40
1627	07-Aug-18	01	13	19	22	24	32
1628	09-Aug-18	02	16	18	29	35	41
1629	11-Aug-18	07	20	27	29	37	39
1630	14-Aug-18	08	26	30	32	36	39
1631	16-Aug-18	10	15	18	23	30	36
1632	18-Aug-18	01	06	14	25	34	38
1633	21-Aug-18	08	09	16	20	28	38
1634	23-Aug-18	01	13	15	16	22	36
1635	25-Aug-18	22	23	26	28	30	35
1636	28-Aug-18	04	07	13	18	22	24
1637	30-Aug-18	09	14	16	29	34	38
1638	01-Sep-18	03	06	10	13	14	36
1639	04-Sep-18	02	15	24	30	36	42
1640	06-Sep-18	01	04	06	13	15	37
1641	08-Sep-18	10	13	21	23	26	35
1642	11-Sep-18	02	14	17	21	31	38
1643	13-Sep-18	03	05	09	14	30	35
1644	15-Sep-18	17	24	37	38	39	42
1645	18-Sep-18	05	07	11	16	35	41
1646	20-Sep-18	07	09	15	16	24	32
1647	22-Sep-18	01	11	22	28	33	34
1648	25-Sep-18	08	09	14	19	22	42
1649	27-Sep-18	10	17	18	20	25	42
1650	29-Sep-18	02	03	09	12	24	37
1651	02-Oct-18	04	19	21	22	32	34
1652	04-Oct-18	02	26	27	28	29	35
1653	06-Oct-18	01	11	17	21	29	31
1654	09-Oct-18	11	12	18	29	32	33
1655	11-Oct-18	07	11	14	20	22	33
1656	13-Oct-18	02	06	10	32	34	40
1657	16-Oct-18	04	10	14	25	29	32
1658	18-Oct-18	01	08	16	17	18	39
1659	20-Oct-18	02	04	14	32	37	39
1660	23-Oct-18	03	19	20	27	29	31
1661	25-Oct-18	03	05	30	31	35	41
1662	27-Oct-18	01	03	05	15	21	41
1663	30-Oct-18	01	06	08	14	19	31
1664	01-Nov-18	10	12	16	26	30	39
1665	03-Nov-18	07	08	19	25	29	41
1666	06-Nov-18	02	08	10	19	22	31
1667	08-Nov-18	10	14	18	26	27	37
1668	10-Nov-18	02	12	22	28	32	42
1669	13-Nov-18	03	09	18	25	38	39
1670	15-Nov-18	10	18	25	32	33	38
1671	17-Nov-18	05	24	27	29	32	41
1672	20-Nov-18	16	20	23	28	29	30
1673	22-Nov-18	01	16	20	34	40	41
1674	24-Nov-18	17	19	25	28	29	32
1675	27-Nov-18	01	06	10	20	26	39
1676	29-Nov-18	04	05	13	19	38	41
1677	01-Dec-18	01	11	15	23	24	26
1678	04-Dec-18	08	15	17	23	26	32
1679	06-Dec-18	05	16	20	24	34	41
1680	08-Dec-18	07	08	13	15	29	40
1681	11-Dec-18	02	03	09	13	22	27
1682	13-Dec-18	08	11	14	19	36	38
1683	15-Dec-18	10	11	15	18	23	41
1684	18-Dec-18	04	29	32	33	40	41
1685	20-Dec-18	26	27	31	32	34	41
1686	22-Dec-18	07	08	09	22	26	35
1687	27-Dec-18	02	09	13	20	27	36
1688	29-Dec-18	04	12	15	19	21	36
1689	03-Jan-19	04	05	16	22	35	39
1690	05-Jan-19	01	08	12	19	23	42
1691	08-Jan-19	12	16	17	22	27	32
1692	10-Jan-19	04	12	14	28	30	41
1693	12-Jan-19	23	25	29	31	32	42
1694	15-Jan-19	04	08	19	20	24	31
1695	17-Jan-19	04	19	23	29	40	42
1696	19-Jan-19	04	07	13	19	22	42
1697	22-Jan-19	03	10	13	15	26	36
1698	24-Jan-19	01	04	11	12	19	29
1699	26-Jan-19	01	12	35	36	41	42
1700	29-Jan-19	06	08	14	20	27	37
1701	31-Jan-19	03	06	09	13	28	36
1702	02-Feb-19	04	05	19	30	31	36
1703	05-Feb-19	11	15	24	28	31	36
1704	07-Feb-19	07	14	18	23	27	40
1705	09-Feb-19	03	05	12	15	20	21
1706	12-Feb-19	04	05	06	36	37	40
1707	14-Feb-19	01	14	15	38	39	41
1708	16-Feb-19	03	16	23	33	39	42
1709	19-Feb-19	01	03	06	08	15	24
1710	21-Feb-19	11	13	14	24	33	41
1711	23-Feb-19	21	22	23	31	33	40
1712	26-Feb-19	10	16	17	22	26	33
1713	28-Feb-19	01	11	13	19	21	31
1714	02-Mar-19	14	20	22	27	32	37
1715	05-Mar-19	01	11	25	26	35	42
1716	07-Mar-19	14	24	29	33	34	35
1717	09-Mar-19	07	10	15	23	36	41
1718	12-Mar-19	19	20	29	31	39	40
1719	14-Mar-19	05	14	25	26	27	42
1720	16-Mar-19	06	07	22	27	32	41
1721	19-Mar-19	13	19	29	33	36	37
1722	21-Mar-19	18	23	25	27	39	40
1723	23-Mar-19	01	09	10	16	19	35
1724	26-Mar-19	26	31	38	40	41	42
1725	28-Mar-19	13	15	20	35	36	38
1726	30-Mar-19	02	06	13	15	21	35
1727	02-Apr-19	05	08	20	34	36	37
1728	04-Apr-19	03	16	19	25	32	37
1729	06-Apr-19	03	09	12	15	18	42
1730	09-Apr-19	03	04	16	31	35	38
1731	11-Apr-19	09	17	18	20	27	39
1732	13-Apr-19	07	12	16	26	35	41
1733	16-Apr-19	02	09	23	27	34	41
1734	23-Apr-19	16	18	20	22	31	37
1735	25-Apr-19	05	09	24	27	36	38
1736	27-Apr-19	08	12	20	21	31	38
1737	30-Apr-19	17	18	19	25	26	33
1738	02-May-19	13	18	20	23	28	34
1739	04-May-19	05	09	14	16	22	40
1740	07-May-19	02	06	17	27	30	41
1741	09-May-19	07	08	17	28	35	42
1742	11-May-19	07	18	21	23	37	38
1743	14-May-19	05	06	08	09	22	32
1744	16-May-19	08	09	18	22	30	38
1745	18-May-19	06	23	24	34	35	37
1746	21-May-19	01	04	13	19	25	34
1747	23-May-19	09	13	21	28	33	37
1748	25-May-19	02	04	07	09	19	34
1749	28-May-19	06	08	15	18	30	32
1750	30-May-19	04	09	16	26	30	32
1751	01-Jun-19	06	09	19	25	32	40
1752	04-Jun-19	04	09	14	21	37	41
1753	06-Jun-19	12	17	20	34	36	37
1754	08-Jun-19	05	07	08	11	25	40
1755	11-Jun-19	07	08	19	27	35	36
1756	13-Jun-19	01	02	12	17	19	32
1757	15-Jun-19	03	25	31	37	40	42
1758	18-Jun-19	01	02	04	09	20	42
1759	20-Jun-19	06	08	25	29	36	42
1760	22-Jun-19	01	09	21	23	27	39
1761	25-Jun-19	17	20	21	26	28	40
1762	27-Jun-19	03	16	19	20	28	31
1763	29-Jun-19	07	10	13	18	26	28
1764	02-Jul-19	08	16	18	28	31	37
1765	04-Jul-19	01	05	19	22	25	38
1766	06-Jul-19	10	11	12	17	29	35
1767	09-Jul-19	01	03	04	12	22	38
1768	11-Jul-19	05	07	10	24	25	34
1769	13-Jul-19	02	07	08	15	28	34
1770	16-Jul-19	18	19	25	36	38	39
1771	18-Jul-19	14	16	19	25	29	38
1772	20-Jul-19	01	05	08	23	24	38
1773	23-Jul-19	01	04	07	22	30	32
1774	25-Jul-19	03	10	13	22	27	32
1775	27-Jul-19	05	09	16	17	31	32
1776	30-Jul-19	09	11	22	30	35	41
1777	01-Aug-19	01	02	14	18	31	39
1778	03-Aug-19	14	16	19	20	24	26
1779	06-Aug-19	03	07	23	27	38	41
1780	08-Aug-19	13	14	18	26	31	37
1781	10-Aug-19	18	21	23	29	34	39
1782	13-Aug-19	03	12	13	25	26	39
1783	15-Aug-19	06	16	21	27	33	37
1784	17-Aug-19	10	13	22	30	38	40
1785	20-Aug-19	07	08	15	16	19	23
1786	22-Aug-19	19	21	26	28	29	35
1787	24-Aug-19	02	10	13	14	17	36
1788	27-Aug-19	03	06	18	19	24	41
1789	29-Aug-19	05	07	08	11	40	42
1790	31-Aug-19	21	22	33	35	36	41
1791	03-Sep-19	04	06	09	18	24	32
1792	05-Sep-19	15	16	19	20	39	40
1793	07-Sep-19	10	17	28	31	34	40
1794	10-Sep-19	06	07	09	23	24	36
1795	12-Sep-19	03	17	25	30	31	37
1796	14-Sep-19	03	26	33	34	38	42
1797	17-Sep-19	03	04	05	18	37	42
1798	19-Sep-19	07	21	23	33	34	39
1799	21-Sep-19	03	06	26	31	32	42
1800	24-Sep-19	06	16	25	33	34	35
1801	26-Sep-19	04	06	17	19	21	36
1802	28-Sep-19	07	24	25	26	27	37
1803	01-Oct-19	11	21	22	23	27	36
1804	03-Oct-19	06	16	27	31	33	35
1805	05-Oct-19	04	17	26	30	32	37
1806	08-Oct-19	18	20	24	26	30	34
1807	10-Oct-19	09	10	13	18	27	42
1808	12-Oct-19	07	09	14	15	19	28
1809	15-Oct-19	10	21	23	27	38	39
1810	17-Oct-19	07	10	13	17	26	40
1811	19-Oct-19	03	10	25	26	38	42
1812	22-Oct-19	05	07	16	23	31	41
1813	24-Oct-19	11	14	15	31	38	42
1814	26-Oct-19	16	18	23	34	39	42
1815	29-Oct-19	05	25	26	28	38	42
1816	31-Oct-19	05	06	12	14	39	42
1817	02-Nov-19	04	08	29	34	36	38
1818	05-Nov-19	18	23	28	32	35	38
1819	07-Nov-19	05	13	24	33	36	42
1820	09-Nov-19	10	11	14	15	26	27
1821	12-Nov-19	07	10	16	17	24	27
1822	14-Nov-19	05	14	18	25	30	34
1823	16-Nov-19	08	09	20	26	31	34
1824	19-Nov-19	02	03	05	09	40	41
1825	21-Nov-19	07	15	16	19	21	22
1826	23-Nov-19	01	03	05	22	23	28
1827	26-Nov-19	06	07	15	35	38	40
1828	28-Nov-19	02	04	10	34	38	40
1829	30-Nov-19	01	11	13	14	37	40
1830	03-Dec-19	01	12	17	23	26	34
1831	05-Dec-19	01	02	12	30	35	40
1832	07-Dec-19	06	09	17	20	31	34
1833	10-Dec-19	01	05	10	30	33	35
1834	12-Dec-19	03	04	10	14	31	37
1835	14-Dec-19	01	10	19	25	37	42
1836	17-Dec-19	02	06	20	30	33	42
1837	19-Dec-19	02	06	11	22	26	33
1838	21-Dec-19	12	18	24	28	32	39
1839	24-Dec-19	14	15	17	19	31	38
1840	26-Dec-19	04	05	17	19	20	25
1841	28-Dec-19	04	05	23	31	37	38
1842	31-Dec-19	16	20	22	25	38	40
1843	02-Jan-20	01	16	17	20	31	42
1844	04-Jan-20	05	08	09	14	27	39
1845	07-Jan-20	02	12	14	27	31	35
1846	09-Jan-20	11	18	28	30	31	40
1847	11-Jan-20	05	16	17	21	29	30
1848	14-Jan-20	13	20	33	34	39	40
1849	16-Jan-20	11	13	14	15	20	21
1850	18-Jan-20	05	10	12	18	35	42
1851	21-Jan-20	07	09	11	19	36	37
1852	23-Jan-20	02	04	09	22	25	40
1853	25-Jan-20	10	20	31	34	38	41
1854	28-Jan-20	11	14	16	20	24	38
1855	30-Jan-20	16	30	31	37	38	40
1856	01-Feb-20	05	09	10	17	18	29
1857	04-Feb-20	03	08	20	24	25	31
1858	06-Feb-20	05	09	19	25	30	35
1859	08-Feb-20	14	20	22	24	35	37
1860	11-Feb-20	03	11	15	22	23	40
1861	13-Feb-20	08	11	15	27	36	41
1862	15-Feb-20	15	18	25	27	28	38
1863	18-Feb-20	05	06	10	14	18	32
1864	20-Feb-20	05	08	17	23	37	41
1865	22-Feb-20	04	05	16	37	38	39
1866	25-Feb-20	03	05	16	22	38	42
1867	27-Feb-20	05	07	16	29	34	42
1868	29-Feb-20	08	10	23	24	39	42
1869	03-Mar-20	05	07	09	25	39	40
1870	05-Mar-20	14	15	17	20	24	39
1871	07-Mar-20	03	05	09	11	14	17
1872	10-Mar-20	10	21	28	32	33	36
1873	12-Mar-20	13	17	25	27	30	41
1874	14-Mar-20	08	21	24	27	32	38
1875	17-Mar-20	08	09	30	34	38	42
1876	19-Mar-20	01	07	14	29	36	41
1877	21-Mar-20	12	21	23	31	36	38
1878	24-Mar-20	05	07	16	17	32	33
1879	26-Mar-20	02	08	26	30	33	37
1880	28-Mar-20	03	07	08	22	34	35
1881	19-Jul-20	07	10	23	24	31	40
1882	08-Aug-20	06	07	22	27	32	40
1883	11-Aug-20	10	12	16	20	24	34
1884	13-Aug-20	06	10	14	16	31	38
1885	15-Aug-20	04	06	18	24	38	39
1886	18-Aug-20	03	04	11	28	33	38
1887	20-Aug-20	07	10	14	25	27	37
1888	22-Aug-20	02	11	12	15	21	40
1889	25-Aug-20	15	17	25	37	38	39
1890	27-Aug-20	03	05	14	19	20	23
1891	29-Aug-20	12	16	21	31	39	42
1892	01-Sep-20	15	21	24	29	34	36
1893	03-Sep-20	03	06	10	11	19	33
1894	05-Sep-20	09	18	25	32	35	42
1895	08-Sep-20	05	11	16	25	39	41
1896	10-Sep-20	02	07	10	17	18	29
1897	12-Sep-20	07	19	21	29	32	39
1898	15-Sep-20	10	18	22	25	27	28
1899	17-Sep-20	02	05	12	14	29	41
1900	22-Sep-20	05	09	10	16	35	40
1901	24-Sep-20	07	09	12	18	29	38
1902	26-Sep-20	06	13	17	22	23	39
1903	29-Sep-20	02	03	23	24	31	36
1904	01-Oct-20	05	14	16	22	23	33
1905	03-Oct-20	14	22	31	36	39	42
1906	06-Oct-20	14	22	34	35	41	42
1907	08-Oct-20	02	21	23	36	37	41
1908	10-Oct-20	10	16	29	30	33	41
1909	13-Oct-20	04	10	16	23	29	31
1910	15-Oct-20	04	17	18	19	35	37
1911	17-Oct-20	10	14	15	19	27	38
1912	20-Oct-20	03	12	28	29	31	38
1913	22-Oct-20	02	06	18	20	25	37
1914	24-Oct-20	07	11	14	31	35	36
1915	27-Oct-20	01	07	14	23	25	42
1916	29-Oct-20	01	04	07	12	27	40
1917	31-Oct-20	01	21	26	27	40	41
1918	03-Nov-20	02	15	23	24	31	39
1919	05-Nov-20	04	10	20	21	27	32
1920	07-Nov-20	01	04	20	28	36	39
1921	10-Nov-20	01	04	13	14	27	33
1922	12-Nov-20	05	07	10	13	30	41
1923	14-Nov-20	09	23	27	29	39	41
1924	17-Nov-20	02	05	07	18	26	30
1925	19-Nov-20	05	14	15	22	23	34
1926	21-Nov-20	02	03	13	22	31	42
1927	24-Nov-20	09	19	24	29	39	41
1928	26-Nov-20	14	21	22	27	29	36
1929	28-Nov-20	06	12	22	28	30	32
1930	01-Dec-20	09	13	19	25	28	34
1931	03-Dec-20	03	05	20	23	25	39
1932	05-Dec-20	02	06	12	13	18	39
1933	08-Dec-20	02	12	16	24	36	39
1934	10-Dec-20	01	15	21	24	32	41
1935	12-Dec-20	03	08	22	28	32	37
1936	15-Dec-20	11	17	18	35	36	37
1937	17-Dec-20	05	11	20	22	25	39
1938	19-Dec-20	06	11	15	33	34	42
1939	22-Dec-20	01	04	05	27	28	33
1940	24-Dec-20	09	14	16	28	33	41
1941	26-Dec-20	15	22	23	24	34	37
1942	29-Dec-20	09	11	23	25	31	39
1943	31-Dec-20	06	13	24	25	34	42
1944	02-Jan-21	07	08	09	23	35	39
1945	05-Jan-21	07	25	27	31	34	36
1946	07-Jan-21	03	09	11	16	25	26
1947	09-Jan-21	08	09	17	25	33	34
1948	12-Jan-21	01	06	27	33	38	40
1949	14-Jan-21	01	04	17	22	30	33
1950	16-Jan-21	09	21	28	29	32	40
1951	19-Jan-21	02	13	16	22	27	35
1952	21-Jan-21	01	06	10	32	35	41
1953	23-Jan-21	02	04	05	12	26	28
1954	26-Jan-21	03	09	19	23	24	41
1955	28-Jan-21	18	19	26	29	30	35
1956	30-Jan-21	13	16	18	20	22	30
1957	02-Feb-21	09	12	18	25	37	38
1958	04-Feb-21	03	10	13	19	27	37
1959	06-Feb-21	05	07	17	18	20	30
1960	09-Feb-21	02	05	13	17	20	26
1961	11-Feb-21	03	12	16	21	23	30
1962	13-Feb-21	04	08	27	30	33	41
1963	16-Feb-21	05	08	10	16	36	37
1964	18-Feb-21	01	17	18	30	38	42
1965	20-Feb-21	02	15	26	31	37	38
1966	23-Feb-21	01	04	24	37	39	40
1967	25-Feb-21	02	04	08	12	17	24
1968	27-Feb-21	18	23	26	29	35	37
1969	02-Mar-21	02	12	18	25	28	38
1970	04-Mar-21	04	14	19	24	25	30
1971	09-Mar-21	04	15	28	36	38	42
1972	11-Mar-21	04	18	20	32	38	39
1973	16-Mar-21	15	19	24	30	34	38
1974	18-Mar-21	01	19	20	23	29	33
1975	20-Mar-21	02	17	21	22	32	37
1976	23-Mar-21	12	15	21	22	25	31
1977	25-Mar-21	04	16	17	27	31	39
1978	27-Mar-21	04	09	10	25	32	38
1979	30-Mar-21	02	09	13	24	39	40
1980	06-Apr-21	03	12	18	21	23	33
1981	08-Apr-21	02	11	16	19	26	39
1982	10-Apr-21	06	12	14	16	36	37
1983	13-Apr-21	05	07	14	18	26	37
1984	15-Apr-21	10	21	22	33	41	42
1985	17-Apr-21	02	03	20	22	32	37
1986	20-Apr-21	05	09	10	25	30	35
1987	22-Apr-21	12	17	19	21	24	39
1988	24-Apr-21	01	09	18	19	35	37
1989	27-Apr-21	02	15	19	25	31	41
1990	29-Apr-21	05	13	19	27	32	40
1991	01-May-21	05	06	11	12	35	41
1992	04-May-21	02	06	08	14	22	29
1993	06-May-21	02	14	19	23	34	41
1994	08-May-21	03	06	08	15	24	36
1995	11-May-21	04	11	14	22	26	41
1996	13-May-21	05	12	20	32	40	42
1997	15-May-21	13	14	21	27	29	40
1998	18-May-21	02	07	20	22	26	32
1999	20-May-21	02	09	15	28	36	42
2000	22-May-21	04	14	33	35	36	37
2001	25-May-21	01	15	26	29	36	40
2002	27-May-21	05	11	21	25	31	39
2003	29-May-21	13	23	24	26	27	41
2004	01-Jun-21	11	20	24	26	31	37
2005	03-Jun-21	01	06	14	24	32	40
2006	05-Jun-21	01	03	05	09	12	21
2007	08-Jun-21	01	07	22	32	38	42
2008	10-Jun-21	13	15	17	27	35	42
2009	12-Jun-21	01	06	09	16	35	41
2010	15-Jun-21	05	21	26	33	38	39
2011	17-Jun-21	06	08	09	21	41	42
2012	19-Jun-21	02	06	20	23	28	31
2013	22-Jun-21	07	13	14	23	29	35
2014	24-Jun-21	01	04	06	32	34	36
2015	26-Jun-21	08	14	15	22	30	36
2016	29-Jun-21	02	04	07	24	32	41
2017	01-Jul-21	01	02	09	20	26	32
2018	03-Jul-21	03	15	25	27	35	39
2019	06-Jul-21	07	12	17	31	32	39
2020	08-Jul-21	14	17	18	25	32	34
2021	10-Jul-21	01	03	04	17	27	33
2022	13-Jul-21	06	21	25	28	36	39
2023	15-Jul-21	19	20	29	34	36	39
2024	17-Jul-21	08	09	21	27	32	34
2025	20-Jul-21	10	15	17	24	31	40
2026	22-Jul-21	04	09	20	29	33	41
2027	24-Jul-21	12	19	30	31	34	39
2028	27-Jul-21	04	08	18	38	41	42
2029	29-Jul-21	07	12	21	29	33	35
2030	31-Jul-21	06	07	11	28	29	39
2031	03-Aug-21	14	16	25	26	29	36
2032	05-Aug-21	07	08	11	19	29	33
2033	07-Aug-21	15	22	24	26	31	37
2034	10-Aug-21	02	10	12	15	29	41
2035	12-Aug-21	09	13	15	20	33	40
2036	14-Aug-21	02	14	17	22	32	42
2037	17-Aug-21	03	19	25	29	32	34
2038	19-Aug-21	04	11	15	20	26	33
2039	21-Aug-21	01	03	05	09	26	41
2040	24-Aug-21	05	08	09	17	34	42
2041	26-Aug-21	01	15	17	33	34	41
2042	28-Aug-21	02	17	21	25	29	41
2043	31-Aug-21	01	03	16	27	31	37
2044	02-Sep-21	07	14	15	23	35	40
2045	04-Sep-21	09	14	16	26	30	41
2046	07-Sep-21	01	02	07	25	30	40
2047	09-Sep-21	06	10	17	19	23	40
2048	11-Sep-21	07	15	19	34	35	41
2049	14-Sep-21	02	06	08	12	27	35
2050	16-Sep-21	02	12	13	28	31	33
2051	18-Sep-21	02	08	12	18	29	30
2052	21-Sep-21	20	24	34	36	40	42
2053	23-Sep-21	03	10	15	27	33	34
2054	25-Sep-21	07	09	15	17	34	35
2055	28-Sep-21	02	06	09	10	18	29
2056	30-Sep-21	07	08	11	23	28	40
2057	02-Oct-21	04	12	16	17	22	36
2058	05-Oct-21	10	15	18	24	27	36
2059	07-Oct-21	07	09	13	17	37	38
2060	09-Oct-21	12	18	19	28	30	33
2061	12-Oct-21	02	04	14	22	30	33
2062	14-Oct-21	03	15	16	23	25	32
2063	16-Oct-21	03	11	15	16	22	25
2064	19-Oct-21	16	25	26	28	32	39
2065	21-Oct-21	07	15	22	26	33	38
2066	23-Oct-21	01	03	07	19	41	42
2067	26-Oct-21	04	13	25	26	29	32
2068	28-Oct-21	04	09	14	25	28	37
2069	30-Oct-21	05	15	19	26	32	42
2070	02-Nov-21	04	15	20	29	30	36
2071	04-Nov-21	06	14	22	33	34	35
2072	06-Nov-21	04	08	22	24	27	29
2073	09-Nov-21	01	16	19	21	22	26
2074	11-Nov-21	15	16	21	25	35	38
2075	13-Nov-21	09	15	21	25	35	37
2076	16-Nov-21	04	17	27	31	34	35
2077	18-Nov-21	11	19	23	30	36	42
2078	20-Nov-21	01	10	12	15	17	38
2079	23-Nov-21	04	19	24	35	36	40
2080	25-Nov-21	02	13	21	28	38	41
2081	27-Nov-21	05	07	12	13	24	30
2082	30-Nov-21	01	09	10	14	31	33
2083	02-Dec-21	04	05	09	20	21	30
2084	04-Dec-21	04	08	11	19	21	42
2085	07-Dec-21	01	04	08	11	15	36
2086	09-Dec-21	03	11	18	28	38	39
2087	11-Dec-21	05	23	25	30	32	41
2088	14-Dec-21	02	05	06	17	23	28
2089	16-Dec-21	07	13	22	25	31	40
2090	18-Dec-21	08	10	17	29	35	39
2091	21-Dec-21	05	07	18	33	35	40
2092	23-Dec-21	03	08	12	13	15	27
2093	28-Dec-21	17	23	24	27	38	40
2094	30-Dec-21	02	13	14	29	32	41
2095	04-Jan-22	01	08	11	12	16	18
2096	06-Jan-22	01	07	09	12	23	24
2097	08-Jan-22	15	18	22	25	32	41
2098	11-Jan-22	03	25	28	31	35	36
2099	13-Jan-22	07	14	15	18	27	33
2100	15-Jan-22	10	16	18	28	29	32
2101	18-Jan-22	16	19	23	30	36	38
2102	20-Jan-22	05	07	15	17	20	33
2103	22-Jan-22	08	09	15	34	35	36
2104	25-Jan-22	06	20	24	26	35	39
2105	27-Jan-22	03	08	12	27	28	36
2106	29-Jan-22	14	19	27	33	35	42
2107	01-Feb-22	04	06	15	18	20	34
2108	03-Feb-22	17	18	24	30	32	33
2109	05-Feb-22	09	15	20	22	23	30
2110	08-Feb-22	08	18	19	23	28	39
2111	10-Feb-22	13	15	26	37	38	39
2112	12-Feb-22	07	12	15	24	25	32
2113	15-Feb-22	04	05	23	26	37	41
2114	17-Feb-22	01	02	14	24	38	39
2115	19-Feb-22	17	21	29	30	31	37
2116	22-Feb-22	03	06	13	19	21	30
2117	24-Feb-22	03	06	12	15	20	29
2118	26-Feb-22	02	10	15	16	28	37
2119	01-Mar-22	11	14	16	18	24	42
2120	03-Mar-22	10	28	30	31	33	40
2121	05-Mar-22	11	18	33	34	36	39
2122	08-Mar-22	12	15	28	32	36	42
2123	10-Mar-22	10	13	18	22	28	35
2124	12-Mar-22	03	18	19	24	25	41
2125	15-Mar-22	06	14	18	30	32	40
2126	17-Mar-22	01	05	07	20	22	25
2127	19-Mar-22	08	17	18	19	20	33
2128	22-Mar-22	07	17	34	36	40	41
2129	24-Mar-22	07	23	30	36	37	42
2130	26-Mar-22	14	25	26	35	39	41
2131	29-Mar-22	04	08	20	26	35	37
2132	31-Mar-22	16	17	19	27	33	36
2133	02-Apr-22	16	18	19	25	34	38
2134	05-Apr-22	04	05	22	31	34	37
2135	07-Apr-22	22	25	27	33	36	42
2136	09-Apr-22	07	09	14	16	27	31
2137	12-Apr-22	02	03	04	05	26	28
2138	19-Apr-22	08	10	11	26	29	30
2139	21-Apr-22	03	07	12	29	35	36
2140	23-Apr-22	02	21	22	28	37	39
2141	26-Apr-22	10	15	17	18	24	33
2142	28-Apr-22	06	24	25	33	39	42
2143	30-Apr-22	04	17	21	25	33	39
2144	03-May-22	07	10	19	20	22	40
2145	05-May-22	04	07	09	19	23	41
2146	07-May-22	08	14	16	22	24	37
2147	10-May-22	02	07	13	18	28	37
2148	12-May-22	02	10	15	20	33	37
2149	14-May-22	10	18	19	25	31	33
2150	17-May-22	08	13	15	22	33	37
2151	19-May-22	03	08	18	24	34	40
2152	21-May-22	08	32	34	35	36	37
2153	24-May-22	11	12	13	26	29	34
2154	26-May-22	04	18	19	29	34	41
2155	28-May-22	09	11	13	17	23	30
2156	31-May-22	02	07	20	21	25	29
2157	02-Jun-22	03	13	14	28	36	37
2158	04-Jun-22	02	04	07	22	24	35
2159	07-Jun-22	09	13	22	36	38	42
2160	09-Jun-22	01	18	24	33	36	39
2161	11-Jun-22	02	20	22	27	34	40
2162	14-Jun-22	01	06	21	38	41	42
2163	16-Jun-22	13	18	25	31	33	41
2164	18-Jun-22	08	11	15	23	33	36
2165	21-Jun-22	06	07	12	14	17	18
2166	23-Jun-22	05	06	13	24	39	40
2167	25-Jun-22	04	14	24	27	39	40
2168	28-Jun-22	08	18	23	26	29	31
2169	30-Jun-22	13	14	18	20	31	38
2170	02-Jul-22	01	09	10	15	17	35
2171	05-Jul-22	06	11	17	18	29	31
2172	07-Jul-22	08	09	10	13	41	42
2173	09-Jul-22	02	03	13	18	26	27
2174	12-Jul-22	08	09	12	31	33	35
2175	14-Jul-22	02	03	08	13	15	42
2176	16-Jul-22	04	08	31	32	38	41
2177	19-Jul-22	09	12	14	16	18	36
2178	21-Jul-22	07	10	16	19	21	40
2179	23-Jul-22	05	11	17	21	23	25
2180	26-Jul-22	02	05	24	30	32	37
2181	28-Jul-22	08	15	22	25	26	37
2182	30-Jul-22	11	12	14	15	32	33
2183	02-Aug-22	01	14	18	26	27	29
2184	04-Aug-22	01	12	21	23	29	32
2185	06-Aug-22	04	05	20	31	37	39
2186	09-Aug-22	03	15	19	33	40	42
2187	11-Aug-22	02	18	19	26	35	42
2188	13-Aug-22	12	20	24	26	39	41
2189	16-Aug-22	05	08	12	13	19	25
2190	18-Aug-22	05	07	12	18	25	33
2191	20-Aug-22	01	18	28	31	34	35
2192	23-Aug-22	12	14	23	28	33	36
2193	25-Aug-22	01	16	20	25	40	42
2194	27-Aug-22	18	21	23	25	32	33
2195	30-Aug-22	11	22	25	27	33	38
2196	01-Sep-22	06	07	10	15	18	36
2197	03-Sep-22	03	14	19	40	41	42
2198	06-Sep-22	04	13	21	30	36	42
2199	08-Sep-22	27	31	33	35	36	41
2200	10-Sep-22	02	11	19	23	31	34
2201	13-Sep-22	15	20	23	28	35	40
2202	24-Sep-22	05	13	14	15	24	27
2203	27-Sep-22	11	19	20	22	27	32
2204	29-Sep-22	17	26	34	37	38	40
2205	01-Oct-22	04	09	13	14	37	42
2206	04-Oct-22	06	29	32	35	38	40
2207	06-Oct-22	09	10	14	16	28	39
2208	08-Oct-22	12	23	32	33	39	42
2209	11-Oct-22	02	06	08	21	23	40
2210	13-Oct-22	06	19	20	31	35	39
2211	15-Oct-22	09	17	19	20	29	31
2212	18-Oct-22	04	05	27	35	37	42
2213	20-Oct-22	01	02	19	22	25	33
2214	22-Oct-22	03	20	22	31	34	39
2215	25-Oct-22	01	08	10	16	28	30
2216	27-Oct-22	01	03	09	19	24	40
2217	29-Oct-22	02	13	23	25	31	37
2218	01-Nov-22	07	08	09	36	37	39
2219	03-Nov-22	05	10	13	21	28	33
2220	05-Nov-22	08	14	25	29	31	32
2221	08-Nov-22	05	06	07	09	19	29
2222	10-Nov-22	15	17	31	32	40	41
2223	12-Nov-22	01	02	16	25	30	32
2224	15-Nov-22	04	13	16	28	36	40
2225	17-Nov-22	01	02	03	13	33	37
2226	19-Nov-22	14	19	28	29	34	36
2227	22-Nov-22	05	08	09	13	26	32
2228	24-Nov-22	25	27	30	33	36	40
2229	26-Nov-22	14	20	26	28	37	42
2230	29-Nov-22	15	16	18	19	37	38
2231	01-Dec-22	03	04	18	20	24	28
2232	03-Dec-22	09	10	19	22	32	34
2233	06-Dec-22	02	08	19	25	29	41
2234	08-Dec-22	09	10	11	22	29	39
2235	10-Dec-22	04	07	13	15	16	28
2236	13-Dec-22	02	03	30	31	33	34
2237	15-Dec-22	01	18	21	27	28	29
2238	17-Dec-22	03	04	17	23	38	41
2239	20-Dec-22	09	13	15	24	32	42
2240	22-Dec-22	05	08	16	19	33	41
2241	24-Dec-22	04	08	09	17	40	42
2242	27-Dec-22	03	10	16	26	37	42
2243	29-Dec-22	05	09	19	26	27	31
2244	31-Dec-22	01	03	07	17	21	27
2245	03-Jan-23	13	25	28	36	39	40
2246	05-Jan-23	09	15	32	36	37	39
2247	07-Jan-23	05	06	13	18	35	39
2248	10-Jan-23	01	04	08	16	26	29
2249	12-Jan-23	05	07	20	31	33	42
2250	14-Jan-23	05	12	31	34	37	41
2251	17-Jan-23	02	06	07	24	33	34
2252	19-Jan-23	01	05	11	23	29	31
2253	21-Jan-23	09	11	15	19	25	32
2254	24-Jan-23	03	14	30	35	40	42
2255	26-Jan-23	04	05	12	17	18	24
2256	28-Jan-23	01	14	20	23	26	37
2257	31-Jan-23	08	20	25	29	31	41
2258	02-Feb-23	02	04	16	19	27	29
2259	04-Feb-23	01	04	23	24	27	30
2260	07-Feb-23	14	21	22	27	30	42
2261	09-Feb-23	17	18	20	21	26	28
2262	11-Feb-23	01	19	21	34	35	39
2263	14-Feb-23	10	13	16	19	26	39
2264	16-Feb-23	02	27	31	35	38	42
2265	18-Feb-23	20	21	25	33	36	39
2266	21-Feb-23	03	16	30	36	39	41
2267	23-Feb-23	02	20	21	26	40	41
2268	25-Feb-23	09	19	28	32	34	37
2269	28-Feb-23	07	08	11	14	22	26
2270	02-Mar-23	09	19	21	23	28	36
2271	04-Mar-23	03	06	18	26	35	37
2272	07-Mar-23	03	05	07	16	34	42
2273	09-Mar-23	06	11	17	18	26	29
2274	11-Mar-23	03	09	12	18	22	33
2275	14-Mar-23	02	13	29	30	36	38
2276	16-Mar-23	15	17	18	21	34	35
2277	18-Mar-23	08	12	13	34	35	37
2278	21-Mar-23	02	03	13	19	23	24
2279	23-Mar-23	05	15	16	22	33	37
2280	25-Mar-23	07	17	20	33	34	39
2281	28-Mar-23	02	05	20	22	35	42
2282	30-Mar-23	13	20	22	37	38	42
2283	01-Apr-23	03	10	13	25	31	40
2284	04-Apr-23	04	16	33	36	37	42
2285	11-Apr-23	07	16	24	31	33	34
2286	13-Apr-23	04	05	19	30	37	42
2287	15-Apr-23	13	16	19	23	24	42
2288	18-Apr-23	01	21	23	36	37	42
2289	20-Apr-23	01	16	17	34	35	39
2290	22-Apr-23	03	15	18	24	27	40
2291	25-Apr-23	02	03	05	16	24	40
2292	27-Apr-23	09	11	35	36	38	42
2293	29-Apr-23	08	13	20	24	27	31
2294	02-May-23	06	08	11	28	32	42
2295	04-May-23	01	04	06	11	19	22
2296	06-May-23	02	04	24	26	28	35
2297	09-May-23	11	19	23	24	31	41
2298	11-May-23	01	07	08	19	26	36
2299	13-May-23	02	09	13	22	33	38
2300	16-May-23	01	04	09	25	28	41
2301	18-May-23	01	05	15	21	27	41
2302	20-May-23	02	18	21	22	36	39
2303	23-May-23	16	22	24	36	37	41
2304	25-May-23	15	18	21	35	37	41
2305	27-May-23	05	21	23	34	37	38
2306	30-May-23	07	08	15	19	27	39
2307	01-Jun-23	06	23	26	29	37	40
2308	03-Jun-23	03	07	10	12	20	28
2309	06-Jun-23	03	04	15	24	25	30
2310	08-Jun-23	06	07	11	36	40	41
2311	10-Jun-23	12	19	21	37	38	39
2312	13-Jun-23	08	09	16	32	36	40
2313	15-Jun-23	02	10	14	26	27	29
2314	17-Jun-23	08	10	13	21	26	35
2315	20-Jun-23	08	10	14	21	23	36
2316	22-Jun-23	09	19	26	31	32	38
2317	24-Jun-23	06	15	20	27	33	37
2318	27-Jun-23	16	19	20	27	28	39
2319	29-Jun-23	04	06	09	18	37	38
2320	01-Jul-23	12	13	14	18	22	25
2321	04-Jul-23	10	18	19	25	27	31
2322	06-Jul-23	05	08	29	33	39	41
2323	08-Jul-23	03	08	12	21	26	28
2324	11-Jul-23	07	19	21	23	36	41
2325	13-Jul-23	02	04	10	13	36	38
2326	15-Jul-23	05	16	18	35	36	39
2327	18-Jul-23	04	07	14	18	27	36
2328	20-Jul-23	18	19	22	23	28	36
2329	22-Jul-23	08	14	19	26	27	38
2330	25-Jul-23	07	12	13	29	36	37
2331	27-Jul-23	05	12	13	19	29	34
2332	29-Jul-23	08	12	13	21	28	41
2333	01-Aug-23	06	25	33	35	40	42
2334	03-Aug-23	06	14	16	21	22	29
2335	05-Aug-23	20	24	34	35	36	39
2336	08-Aug-23	14	23	24	36	37	41
2337	10-Aug-23	04	05	15	18	26	31
2338	12-Aug-23	10	12	13	24	31	36
2339	15-Aug-23	01	13	17	18	20	22
2340	17-Aug-23	07	09	10	22	27	36
2341	19-Aug-23	08	24	25	30	35	39
2342	22-Aug-23	10	14	18	21	24	38
2343	24-Aug-23	08	19	21	31	36	38
2344	26-Aug-23	12	22	23	32	40	41
2345	29-Aug-23	01	04	10	15	34	39
2346	31-Aug-23	06	07	10	11	21	29
2347	02-Sep-23	11	22	23	29	32	34
2348	05-Sep-23	13	21	25	27	32	40
2349	07-Sep-23	03	10	15	19	27	31
2350	09-Sep-23	03	09	11	19	35	41
2351	12-Sep-23	03	05	14	17	26	33
2352	14-Sep-23	03	04	06	13	27	35
2353	16-Sep-23	04	29	30	32	39	42
2354	19-Sep-23	04	05	11	24	33	34
2355	21-Sep-23	10	14	17	19	25	42
2356	23-Sep-23	13	15	22	27	36	38
2357	26-Sep-23	08	10	28	32	34	35
2358	28-Sep-23	05	11	20	22	28	42
2359	30-Sep-23	10	29	32	38	39	42
2360	03-Oct-23	05	08	10	13	20	42
2361	05-Oct-23	21	24	25	26	35	42
2362	07-Oct-23	08	17	21	28	38	42
2363	10-Oct-23	01	03	04	13	39	41
2364	12-Oct-23	06	13	25	34	41	42
2365	14-Oct-23	16	23	25	26	37	41
2366	17-Oct-23	14	21	22	30	38	40
2367	19-Oct-23	05	08	11	16	25	34
2368	21-Oct-23	02	03	14	17	22	39
2369	24-Oct-23	05	11	20	31	34	36
2370	26-Oct-23	04	16	27	33	35	37
2371	28-Oct-23	04	05	18	22	24	32
2372	31-Oct-23	03	09	29	36	40	41
2373	02-Nov-23	01	05	27	29	33	38
2374	04-Nov-23	05	06	07	11	26	34
2375	07-Nov-23	08	17	21	26	29	37
2376	09-Nov-23	03	05	07	16	38	39
2377	11-Nov-23	03	11	16	17	26	28
2378	14-Nov-23	01	08	12	18	21	28
2379	16-Nov-23	10	13	14	22	31	38
2380	18-Nov-23	07	18	20	21	35	36
2381	21-Nov-23	03	08	25	27	35	39
2382	23-Nov-23	06	14	18	26	31	32
2383	25-Nov-23	07	08	25	32	33	39
2384	28-Nov-23	05	07	23	35	37	41
2385	30-Nov-23	29	30	36	37	38	41
2386	02-Dec-23	15	22	26	29	30	31
2387	05-Dec-23	10	16	19	25	40	41
2388	07-Dec-23	02	11	12	16	18	33
2389	09-Dec-23	01	02	12	15	25	26
2390	12-Dec-23	02	04	05	17	22	42
2391	14-Dec-23	03	05	10	11	13	18
2392	16-Dec-23	14	27	31	34	38	42
2393	19-Dec-23	05	06	21	23	31	32
2394	21-Dec-23	07	13	20	23	30	41
2395	23-Dec-23	06	11	32	33	37	38
2396	26-Dec-23	01	07	08	09	17	32
2397	28-Dec-23	01	04	11	18	28	34
2398	30-Dec-23	05	09	11	12	18	35
2399	02-Jan-24	04	07	10	14	22	29
2400	04-Jan-24	01	09	10	16	22	42
2401	06-Jan-24	09	10	14	21	30	34
2402	09-Jan-24	04	17	19	23	36	39
2403	11-Jan-24	05	09	19	20	26	34
2404	13-Jan-24	04	14	15	17	30	42
2405	16-Jan-24	03	07	18	22	29	30
2406	18-Jan-24	03	04	06	08	10	41
2407	20-Jan-24	04	10	24	28	33	42
2408	23-Jan-24	06	13	15	20	24	37
2409	25-Jan-24	05	10	26	28	31	40
2410	27-Jan-24	14	25	31	36	40	42
2411	30-Jan-24	04	16	19	20	38	40
2412	01-Feb-24	03	13	14	19	31	35
2413	03-Feb-24	04	09	18	23	26	33
2414	06-Feb-24	14	20	23	27	28	31
2415	08-Feb-24	02	10	20	22	23	27
2416	10-Feb-24	07	11	13	16	27	37
2417	13-Feb-24	11	13	17	19	23	31
2418	15-Feb-24	04	09	20	22	28	38
2419	17-Feb-24	05	09	13	14	18	29
2420	20-Feb-24	01	11	16	17	22	29
2421	22-Feb-24	05	07	17	21	22	36
2422	24-Feb-24	01	12	19	27	32	40
2423	27-Feb-24	26	31	32	39	40	41
2424	29-Feb-24	03	05	21	30	33	41
2425	02-Mar-24	02	03	04	17	35	36
2426	05-Mar-24	03	18	24	35	40	41
2427	07-Mar-24	03	10	12	28	29	37
2428	09-Mar-24	02	12	17	21	24	30
2429	12-Mar-24	05	08	20	23	28	34
2430	14-Mar-24	07	09	30	32	33	41
2431	16-Mar-24	15	17	22	28	30	31
2432	19-Mar-24	07	09	11	14	18	27
2433	21-Mar-24	07	09	10	12	13	14
2434	23-Mar-24	04	22	31	35	37	39
2435	26-Mar-24	12	17	23	27	30	40
2436	02-Apr-24	01	09	21	24	33	42
2437	04-Apr-24	06	26	31	36	39	40
2438	06-Apr-24	03	06	08	25	28	33
2439	09-Apr-24	05	06	12	18	28	37
2440	11-Apr-24	02	08	12	37	41	42
2441	13-Apr-24	13	26	33	39	40	42
2442	16-Apr-24	18	26	31	34	35	41
2443	18-Apr-24	04	10	15	18	28	35
2444	20-Apr-24	14	26	29	31	39	40
2445	23-Apr-24	08	14	23	31	34	36
2446	25-Apr-24	08	14	31	35	37	41
2447	27-Apr-24	02	06	10	13	19	30
2448	30-Apr-24	05	08	10	24	37	41
2449	02-May-24	01	02	04	23	25	39
2450	04-May-24	05	16	30	37	38	41
2451	07-May-24	02	04	05	07	09	25
2452	09-May-24	06	13	15	16	18	33
2453	11-May-24	10	14	17	22	24	36
2454	14-May-24	15	17	19	26	36	39
2455	16-May-24	03	05	11	22	23	24
2456	18-May-24	08	10	24	25	36	39
2457	21-May-24	09	10	11	34	36	39
2458	23-May-24	21	24	26	29	37	38
2459	25-May-24	03	17	20	35	36	39
2460	28-May-24	01	07	09	12	33	38
2461	30-May-24	04	21	22	32	33	34
2462	01-Jun-24	02	06	16	22	25	36
2463	04-Jun-24	11	16	33	38	41	42
2464	06-Jun-24	05	13	17	22	23	25
2465	08-Jun-24	21	22	27	33	35	36
2466	11-Jun-24	07	08	24	26	27	31
2467	13-Jun-24	06	09	11	28	30	37
2468	15-Jun-24	07	13	14	16	22	36
2469	18-Jun-24	03	06	19	29	37	38
2470	20-Jun-24	07	12	15	16	18	35
2471	22-Jun-24	04	07	11	25	27	30
2472	25-Jun-24	01	06	11	29	31	40
2473	27-Jun-24	18	21	25	27	30	33
2474	29-Jun-24	04	19	28	34	40	42
2475	02-Jul-24	02	03	20	21	30	41
2476	04-Jul-24	03	12	16	17	30	35
2477	06-Jul-24	03	08	12	32	33	39
2478	09-Jul-24	12	16	32	35	40	41
2479	11-Jul-24	07	08	11	23	36	41
2480	13-Jul-24	08	12	20	23	30	41
2481	16-Jul-24	03	06	17	19	32	34
2482	18-Jul-24	11	18	19	25	27	40
2483	20-Jul-24	15	17	23	27	29	41
2484	22-Jul-24	07	13	19	20	25	41
2485	25-Jul-24	12	16	18	29	31	33
2486	27-Jul-24	08	21	28	35	40	42
2487	30-Jul-24	03	05	33	34	38	42
2488	01-Aug-24	03	11	13	15	17	19
2489	03-Aug-24	05	07	11	23	32	35
2490	06-Aug-24	04	11	14	16	29	31
2491	08-Aug-24	08	11	12	17	37	41
2492	10-Aug-24	06	08	23	31	40	41
2493	13-Aug-24	03	13	19	21	32	33
2494	15-Aug-24	03	11	16	19	21	30
2495	17-Aug-24	06	07	11	24	41	42
2496	20-Aug-24	03	24	26	30	40	41
2497	22-Aug-24	02	06	16	24	25	28
2498	24-Aug-24	17	19	20	26	32	40
2499	27-Aug-24	03	09	12	23	31	41
2500	29-Aug-24	04	09	17	21	28	36
2501	31-Aug-24	08	09	22	24	27	28
2502	03-Sep-24	11	19	20	27	37	39
2503	05-Sep-24	07	11	13	21	23	30
2504	07-Sep-24	05	10	29	30	36	40
2505	10-Sep-24	14	18	26	32	33	42
2506	12-Sep-24	07	17	28	38	41	42
2507	14-Sep-24	09	15	25	26	29	38
2508	17-Sep-24	03	16	23	25	40	42
2509	19-Sep-24	02	05	08	21	26	27
2510	21-Sep-24	03	10	14	20	23	38
2511	24-Sep-24	04	08	16	19	34	38
2512	26-Sep-24	11	13	32	34	39	41
2513	28-Sep-24	12	18	30	33	37	42
2514	01-Oct-24	23	25	29	34	39	41
2515	03-Oct-24	03	19	25	28	35	41
2516	05-Oct-24	01	07	09	20	22	39
2517	08-Oct-24	08	17	18	38	40	41
2518	10-Oct-24	02	05	06	25	38	42
2519	12-Oct-24	12	14	21	22	28	36
2520	15-Oct-24	06	14	18	20	23	24
2521	17-Oct-24	01	04	07	09	20	30
2522	19-Oct-24	03	04	10	11	19	29
2523	22-Oct-24	04	09	10	11	25	29
2524	24-Oct-24	02	06	18	25	31	33
2525	26-Oct-24	01	14	22	31	33	40
2526	29-Oct-24	18	23	24	35	37	40
2527	31-Oct-24	23	24	25	35	39	40
2528	02-Nov-24	02	10	14	15	21	22
2529	05-Nov-24	02	10	22	24	34	35
2530	07-Nov-24	02	14	21	33	36	40
2531	09-Nov-24	06	07	09	18	27	37
2532	12-Nov-24	08	09	17	27	29	32
2533	14-Nov-24	05	07	10	12	19	37
2534	16-Nov-24	02	15	16	25	34	41
2535	19-Nov-24	02	06	07	09	12	21
2536	21-Nov-24	03	17	20	27	29	30
2537	23-Nov-24	02	14	18	26	40	42
2538	26-Nov-24	06	19	20	28	31	32
2539	28-Nov-24	08	15	21	24	26	39
2540	30-Nov-24	01	03	24	33	35	39
2541	03-Dec-24	04	19	26	27	38	39
2542	05-Dec-24	13	17	21	26	35	41
2543	07-Dec-24	05	06	13	28	29	37
2544	10-Dec-24	04	05	10	24	29	33
2545	12-Dec-24	18	24	31	33	36	40
2546	14-Dec-24	05	19	22	24	25	33
2547	17-Dec-24	14	20	21	33	37	41
2548	19-Dec-24	04	16	31	33	38	39
2549	21-Dec-24	08	12	18	27	38	42
2550	24-Dec-24	07	16	19	29	31	32
2551	26-Dec-24	05	12	19	23	25	34
2552	28-Dec-24	12	13	15	16	23	41
2553	31-Dec-24	09	19	20	26	27	41
2554	02-Jan-25	05	33	37	40	41	42
2555	04-Jan-25	02	05	06	24	36	41
2556	07-Jan-25	09	20	25	34	37	41
2557	09-Jan-25	04	16	22	25	32	34
2558	11-Jan-25	09	12	23	29	32	38
2559	14-Jan-25	03	12	16	31	34	37
2560	16-Jan-25	25	32	34	38	40	42
2561	18-Jan-25	09	13	14	33	40	42
2562	21-Jan-25	12	15	19	29	30	35
2563	23-Jan-25	12	16	19	20	27	40
2564	25-Jan-25	10	11	12	15	26	27
2565	28-Jan-25	10	11	14	22	28	31
2566	30-Jan-25	04	12	22	28	31	42
2567	01-Feb-25	08	15	18	27	29	38
2568	04-Feb-25	04	19	21	22	29	33
2569	06-Feb-25	06	12	13	23	36	37
2570	08-Feb-25	05	17	28	34	41	42
2571	11-Feb-25	09	13	17	19	24	36
2572	13-Feb-25	02	05	18	25	31	37